<?xml version="1.0"?>
<opencv_storage>
<covmat type_id="opencv-matrix">
  <rows>5</rows>
  <cols>5</cols>
  <dt>d</dt>
  <data>
    2.9168325088038766e-01 6.4758238076161129e-02 1.4883351131274494e-01
    6.5742701628531186e-02 3.1631221473049032e-01 6.4758238076161129e-02
    5.8233615397541016e-02 7.8835733758429158e-02 3.6901257915549740e-02
    1.1458960617560120e-01 1.4883351131274494e-01 7.8835733758429158e-02
    4.9551324199635960e-01 5.9893938731073133e-02
    -1.9550073377663187e-02 6.5742701628531186e-02
    3.6901257915549740e-02 5.9893938731073133e-02 7.2436087726133538e-02
    1.8751803032240030e-01 3.1631221473049032e-01 1.1458960617560120e-01
    -1.9550073377663187e-02 1.8751803032240030e-01
    1.0446080100183097e+00</data></covmat>
<mean type_id="opencv-matrix">
  <rows>1</rows>
  <cols>5</cols>
  <dt>d</dt>
  <data>
    5.8904955271751647e-01 3.1678160337070306e-02
    -1.4719025331038621e-01 7.4998857513550787e-02
    4.9492199959293487e-01</data></mean>
<trainingsets type_id="opencv-matrix">
  <rows>31</rows>
  <cols>5</cols>
  <dt>f</dt>
  <data>
    9.18165088e-01 1.92480057e-01 -2.94601284e-02 2.61985719e-01
    1.11776531e+00 6.55220628e-01 4.69818991e-03 1.59335822e-01
    4.94951606e-02 2.13787913e-01 5.65388203e-01 1.21533908e-02
    6.80712471e-03 2.20725387e-01 7.90373921e-01 5.17550111e-01
    3.58488783e-02 -8.73049423e-02 9.65673625e-02 4.05442953e-01
    5.22493005e-01 3.07349861e-03 -1.08355552e-01 8.09286237e-02
    2.59177923e-01 6.94930553e-01 1.24889195e-01 -6.59615546e-02
    1.29486620e-01 5.54176807e-01 5.66066146e-01 1.02582067e-01
    4.96395689e-04 5.16045392e-02 4.40805674e-01 5.33494830e-01
    1.62247065e-02 -1.27552345e-01 9.11648273e-02 4.46436167e-01
    8.01091790e-01 7.28507619e-03 4.41431962e-02 7.09686577e-02
    3.73979211e-01 5.80268621e-01 4.08013612e-02 -3.09973732e-02
    8.14622343e-02 6.22861266e-01 6.38306618e-01 1.02788033e-02
    -2.42614999e-01 7.85749555e-02 6.23991609e-01 5.19318700e-01
    1.82223320e-02 -3.30284655e-01 7.66335726e-02 4.18349862e-01
    4.62630749e-01 1.54797742e-02 -2.96987355e-01 8.65361691e-02
    5.37815332e-01 7.36813545e-01 4.89567146e-02 -1.26964018e-01
    7.15486705e-02 8.83490562e-01 5.32080591e-01 3.40870842e-02
    -4.80569378e-02 5.81038594e-02 4.13630724e-01 5.39650083e-01
    9.17433128e-02 8.48293211e-03 5.33850193e-02 3.39203954e-01
    5.18549562e-01 8.80335495e-02 5.21088659e-04 7.18736351e-02
    3.67231369e-01 6.66617632e-01 3.88198309e-02 -6.54425547e-02
    3.86537910e-02 5.28545499e-01 5.71573853e-01 1.22393742e-02
    -1.78977117e-01 5.65766990e-02 3.02570939e-01 6.53825879e-01
    5.15079498e-03 -1.98549002e-01 5.19656837e-02 3.91450882e-01
    5.43989182e-01 5.66332927e-03 -2.46351525e-01 2.80651748e-02
    3.58098388e-01 5.71901321e-01 5.27542783e-03 -2.66312778e-01
    4.59635854e-02 5.09273887e-01 5.26665866e-01 4.66078566e-03
    -2.75775820e-01 5.84037900e-02 4.45775747e-01 5.69900632e-01
    7.96341617e-03 -2.80968100e-01 5.27818501e-02 4.81117249e-01
    5.69614291e-01 1.23235341e-02 -2.63109237e-01 6.33314550e-02
    6.01143956e-01 6.85036421e-01 1.23184789e-02 -2.37510353e-01
    4.74402606e-02 6.89218879e-01 5.18907428e-01 7.28887040e-03
    -2.20183834e-01 5.76500893e-02 5.32138109e-01 5.36747575e-01
    4.81887767e-03 -2.49964163e-01 5.44818640e-02 4.69174385e-01
    5.23378968e-01 6.20090961e-03 -3.42464119e-01 5.80260158e-02
    5.21738052e-01 5.43038189e-01 6.83415215e-03 -2.37693831e-01
    3.85823846e-02 3.78300667e-01 4.77320075e-01 5.62719675e-03
    -2.24842116e-01 4.19969261e-02 3.25514793e-01</data></trainingsets>
</opencv_storage>
