<?xml version="1.0"?>
<opencv_storage>
<evaluations type_id="opencv-matrix">
  <rows>7</rows>
  <cols>31</cols>
  <dt>f</dt>
  <data>
    3.95644474e+00 4.54066944e+00 4.23186684e+00 4.67095184e+00
    3.53376150e+00 4.94481516e+00 4.26180267e+00 3.75910091e+00
    4.09023476e+00 4.09104633e+00 3.92129278e+00 3.86163664e+00
    3.91198516e+00 4.35676241e+00 3.66865063e+00 3.60501599e+00
    4.44230747e+00 4.23913956e+00 3.66224170e+00 3.65490746e+00
    3.24412084e+00 3.43821573e+00 4.17391491e+00 3.70122719e+00
    3.67735982e+00 3.58953929e+00 3.84369493e+00 3.74919105e+00
    3.09358644e+00 2.98548174e+00 4.48023033e+00 3.55573106e+00
    4.11898851e+00 3.82560468e+00 4.23642206e+00 3.17627668e+00
    4.52173281e+00 3.84797192e+00 3.33230209e+00 3.65557027e+00
    3.70084429e+00 3.49218655e+00 3.42537737e+00 3.50301099e+00
    3.96434355e+00 3.25251532e+00 3.19846368e+00 4.02333212e+00
    3.82812023e+00 3.23649025e+00 3.23150635e+00 2.86445498e+00
    3.01159525e+00 3.75283408e+00 3.27245283e+00 3.26291347e+00
    3.16119933e+00 3.41973615e+00 3.35588217e+00 2.62657118e+00
    2.56438327e+00 4.06392479e+00 1.85664654e-01 6.52312934e-01
    3.82333905e-01 8.37175310e-01 1.11900270e+00 1.09056163e+00
    3.66741538e-01 6.11188829e-01 2.52023190e-01 4.08803523e-01
    1.88727066e-01 1.88043565e-01 1.90659001e-01 6.17724061e-01
    2.67849803e-01 3.91540498e-01 5.94956875e-01 4.58224654e-01
    2.76368558e-01 4.42686021e-01 7.35527754e-01 4.90243703e-01
    3.46729964e-01 2.46438473e-01 2.36287683e-01 3.46255153e-01
    2.72037506e-01 3.08585525e-01 9.31754827e-01 9.47008431e-01
    5.87045133e-01 3.93683624e+00 4.53338528e+00 4.19971514e+00
    4.63158226e+00 3.56866574e+00 4.91864347e+00 4.27176714e+00
    3.80442286e+00 4.10758734e+00 4.09604692e+00 3.93696094e+00
    3.89299345e+00 3.93131971e+00 4.37226820e+00 3.71168184e+00
    3.62428904e+00 4.45530891e+00 4.25859547e+00 3.68255162e+00
    3.67341900e+00 3.28574657e+00 3.48511982e+00 4.16618967e+00
    3.71851730e+00 3.70149899e+00 3.63421965e+00 3.86129975e+00
    3.77826428e+00 3.19805765e+00 3.03525162e+00 4.47408390e+00
    4.06516647e+00 4.59891796e+00 4.34002256e+00 4.77079248e+00
    3.62354398e+00 5.00579071e+00 4.31378126e+00 3.81682801e+00
    4.14988995e+00 4.15071869e+00 3.99069428e+00 3.91979432e+00
    3.97148585e+00 4.38606548e+00 3.71847320e+00 3.68746495e+00
    4.47651958e+00 4.27475309e+00 3.74926591e+00 3.75040746e+00
    3.32723117e+00 3.50639129e+00 4.25409174e+00 3.78878450e+00
    3.75151706e+00 3.65078378e+00 3.92257786e+00 3.80950284e+00
    3.13527513e+00 3.10507107e+00 4.53947067e+00 1.25850797e+00
    1.16396570e+00 1.23637962e+00 1.33502781e+00 2.35884738e+00
    1.15575778e+00 1.28077412e+00 1.90864754e+00 1.34569693e+00
    1.06157708e+00 1.17384756e+00 1.39946103e+00 1.14946735e+00
    1.01923573e+00 1.33712208e+00 1.20831609e+00 1.03702354e+00
    9.86357212e-01 1.46313119e+00 1.70254850e+00 1.55671287e+00
    1.42442906e+00 1.06124747e+00 1.40397000e+00 1.32986152e+00
    1.50986397e+00 1.56023991e+00 1.47482288e+00 1.82024360e+00
    1.92051983e+00 1.18179870e+00 2. 2. 2. 2. 2. 2. 2. 2. 2. 2. 2. 2. 2.
    2. 2. 2. 2. 2. 2. 2. 2. 2. 2. 2. 2. 2. 2. 2. 2. 2. 2.</data></evaluations>
</opencv_storage>
