<?xml version="1.0"?>
<opencv_storage>
<evaluations type_id="opencv-matrix">
  <rows>7</rows>
  <cols>31</cols>
  <dt>f</dt>
  <data>
    7.06235707e-01 7.26570487e-01 1.11778975e+00 1.12315178e+00
    7.17360675e-01 6.98472321e-01 8.29127789e-01 1.04898226e+00
    5.90124369e-01 1.01996112e+00 7.95060873e-01 5.30358911e-01
    8.71017516e-01 8.52756143e-01 6.70418561e-01 6.24559402e-01
    2.44245782e-01 5.58112502e-01 1.09616792e+00 1.19224656e+00
    1.23984134e+00 1.23020589e+00 1.22895026e+00 1.22175765e+00
    1.21429873e+00 1.24197865e+00 1.24059772e+00 1.24670422e+00
    1.23117638e+00 1.23067832e+00 1.23851800e+00 5.27035475e-01
    7.78970897e-01 1.50238383e+00 1.32651877e+00 9.92248893e-01
    7.14365959e-01 9.47082102e-01 1.40757334e+00 9.09451067e-01
    1.23514128e+00 9.88172531e-01 9.27009165e-01 1.24590063e+00
    1.04149961e+00 1.09563053e+00 9.36252773e-01 6.06676221e-01
    4.55442697e-01 1.27978802e+00 1.48940134e+00 1.60257912e+00
    1.56116557e+00 1.55570829e+00 1.55366063e+00 1.53637481e+00
    1.58146834e+00 1.57927680e+00 1.55124533e+00 1.55473876e+00
    1.52973211e+00 1.61024773e+00 3.82567215e+00 3.37201023e+00
    4.27065992e+00 3.69739866e+00 3.72966766e+00 3.33473921e+00
    3.50898862e+00 4.10832739e+00 3.82931876e+00 3.71641135e+00
    3.62977481e+00 3.96096206e+00 4.04622746e+00 3.75270104e+00
    4.08662796e+00 3.91146708e+00 3.76193070e+00 3.49384189e+00
    3.60562754e+00 4.16550016e+00 4.30175304e+00 4.27468920e+00
    4.18604183e+00 4.17751741e+00 4.17820406e+00 4.22095490e+00
    4.23991966e+00 4.11372375e+00 4.15221834e+00 4.10461855e+00
    4.30816317e+00 1.06606865e+00 6.97848022e-01 3.89793336e-01
    3.89230907e-01 2.84260780e-01 7.95372725e-01 4.36382264e-01
    2.55872160e-01 2.97999024e-01 2.82299519e-01 3.71115923e-01
    3.53741139e-01 1.65937826e-01 2.99643099e-01 3.09204102e-01
    2.81633586e-01 9.24659073e-01 7.47863293e-01 4.46388245e-01
    3.91380221e-01 4.75074261e-01 4.62714165e-01 4.08167005e-01
    3.97178411e-01 3.92336935e-01 4.32613313e-01 4.38476831e-01
    3.98658186e-01 3.97519290e-01 3.83844614e-01 4.76974249e-01
    1.42191422e+00 1.60129654e+00 2.23825431e+00 2.18344975e+00
    1.79025614e+00 1.50602221e+00 1.83977532e+00 2.16874385e+00
    1.69695067e+00 2.09467316e+00 1.84089279e+00 1.65826964e+00
    1.99016833e+00 1.93936396e+00 1.79177010e+00 1.74879909e+00
    1.08434200e+00 1.45475698e+00 2.13931775e+00 2.32237816e+00
    2.36365128e+00 2.35845852e+00 2.35697365e+00 2.34839201e+00
    2.34306455e+00 2.36831379e+00 2.36797714e+00 2.37234068e+00
    2.35677171e+00 2.35734820e+00 2.35995531e+00 4.38373327e+00
    3.82276034e+00 4.71460819e+00 4.09392643e+00 4.18547964e+00
    3.79239511e+00 3.96232390e+00 4.54780293e+00 4.29476690e+00
    4.14132118e+00 4.08377981e+00 4.45332384e+00 4.50255060e+00
    4.22679806e+00 4.57037354e+00 4.41121960e+00 4.25193214e+00
    4.00148010e+00 4.06439352e+00 4.62218904e+00 4.74840355e+00
    4.72863054e+00 4.62814426e+00 4.60879946e+00 4.61736679e+00
    4.65917349e+00 4.67504311e+00 4.55143929e+00 4.59008265e+00
    4.54856730e+00 4.74738693e+00 1. 3. 3. 3. 3. 0. 3. 3. 3. 3. 3. 3. 3.
    3. 3. 3. 0. 1. 3. 3. 3. 3. 3. 3. 3. 3. 3. 3. 3. 3. 3.</data></evaluations>
</opencv_storage>
