<?xml version="1.0"?>
<opencv_storage>
<evaluations type_id="opencv-matrix">
  <rows>7</rows>
  <cols>31</cols>
  <dt>f</dt>
  <data>
    9.87272322e-01 1.05497110e+00 1.03250706e+00 1.06074584e+00
    1.05372679e+00 9.96707380e-01 1.04494226e+00 9.00690436e-01
    8.16235662e-01 8.69046211e-01 8.77429426e-01 1.15372181e+00
    1.24442017e+00 1.31042993e+00 1.29362953e+00 1.31717360e+00
    1.27596211e+00 1.29083383e+00 1.29713953e+00 1.28269744e+00
    1.18956709e+00 1.19145012e+00 1.17867982e+00 1.17729354e+00
    1.17385936e+00 1.17506957e+00 1.21376538e+00 1.22732222e+00
    1.24487650e+00 1.27281892e+00 1.28395009e+00 8.75728786e-01
    9.61769700e-01 9.75400984e-01 1.00106490e+00 9.92537439e-01
    9.04106915e-01 9.70285177e-01 7.88682818e-01 8.35049987e-01
    9.03409541e-01 9.17397499e-01 9.41324770e-01 1.20963776e+00
    1.24017644e+00 1.23385322e+00 1.27585089e+00 1.22979498e+00
    1.24992502e+00 1.25079918e+00 1.21971536e+00 1.17232239e+00
    1.18947458e+00 1.18210542e+00 1.17484701e+00 1.16967356e+00
    1.15518320e+00 1.20084214e+00 1.22636533e+00 1.24150980e+00
    1.25178659e+00 1.26520193e+00 3.77707458e+00 3.86393094e+00
    3.89117837e+00 3.89316130e+00 3.87107825e+00 3.77271676e+00
    3.83774114e+00 3.66421938e+00 3.91013169e+00 3.94244194e+00
    3.97455287e+00 3.30599332e+00 4.05510712e+00 3.98801184e+00
    4.01904488e+00 4.08479261e+00 4.05979633e+00 4.07394743e+00
    4.06006861e+00 4.01599932e+00 4.07569075e+00 4.11102343e+00
    4.10820961e+00 4.10025024e+00 4.08682156e+00 4.05562210e+00
    4.09654999e+00 4.13179588e+00 4.14151382e+00 4.11256647e+00
    4.12434483e+00 1.82476413e+00 1.90459168e+00 1.88382983e+00
    1.91112626e+00 1.90024424e+00 1.82976067e+00 1.88742030e+00
    1.71083510e+00 1.67219293e+00 1.72418582e+00 1.73634267e+00
    1.84217751e+00 2.10413027e+00 2.16356850e+00 2.15024567e+00
    2.17763281e+00 2.13641953e+00 2.15144324e+00 2.15672851e+00
    2.13978601e+00 2.05199575e+00 2.05491948e+00 2.04166484e+00
    2.04054642e+00 2.03624773e+00 2.03641105e+00 2.07651877e+00
    2.09068155e+00 2.10862255e+00 2.13523221e+00 2.14666724e+00
    2.37611309e-01 1.49558634e-01 1.19679585e-01 9.81811062e-02
    1.22715048e-01 2.36118868e-01 1.55346468e-01 3.85813713e-01
    3.15698683e-01 2.69312292e-01 2.62071222e-01 7.32242525e-01
    1.27298519e-01 1.81156695e-01 1.62945062e-01 1.98846996e-01
    1.57894433e-01 1.73899084e-01 1.74274936e-01 1.53424844e-01
    1.14521220e-01 1.45376503e-01 1.39353916e-01 1.33424059e-01
    1.18823677e-01 9.03784111e-02 1.40078038e-01 1.71183735e-01
    1.86297506e-01 1.79186657e-01 1.93614900e-01 4.32748747e+00
    4.42773294e+00 4.44271755e+00 4.44145536e+00 4.41304731e+00
    4.31113911e+00 4.37863207e+00 4.20165825e+00 4.45289087e+00
    4.48133659e+00 4.51588058e+00 3.80782890e+00 4.60200357e+00
    4.53331900e+00 4.56699419e+00 4.63427353e+00 4.61203575e+00
    4.62543869e+00 4.61128950e+00 4.56423950e+00 4.62855291e+00
    4.66251373e+00 4.65721464e+00 4.65188694e+00 4.63694286e+00
    4.60628319e+00 4.64989185e+00 4.68091965e+00 4.69204283e+00
    4.66216755e+00 4.67480421e+00 4. 4. 4. 4. 4. 4. 4. 4. 4. 4. 4. 4. 4.
    4. 4. 4. 4. 4. 4. 4. 4. 4. 4. 4. 4. 4. 4. 4. 4. 4. 4.</data></evaluations>
</opencv_storage>
