<?xml version="1.0"?>
<opencv_storage>
<evaluations type_id="opencv-matrix">
  <rows>5</rows>
  <cols>31</cols>
  <dt>f</dt>
  <data>
    9.96800005e-01 1.55081940e+00 5.66026032e-01 6.29979074e-01
    1.47068036e+00 1.11553264e+00 7.98213065e-01 1.12993097e+00
    1.03936863e+00 2.06548643e+00 5.29912114e-01 3.15848112e-01
    4.52421010e-01 4.31915671e-01 3.36803913e-01 2.66926587e-01
    3.65943164e-01 2.81374514e-01 6.15274131e-01 7.53080308e-01
    6.63802624e-01 5.60121000e-01 6.13979399e-01 5.38493574e-01
    7.82975554e-01 8.13050985e-01 2.16526031e+00 9.57189083e-01
    1.21227682e+00 1.96827638e+00 2.19724679e+00 1.77343890e-01
    7.76451766e-01 4.09904718e-01 4.11897093e-01 6.82983816e-01
    3.58280122e-01 2.88649023e-01 5.43103278e-01 5.25400579e-01
    1.23675203e+00 3.71513188e-01 6.01511359e-01 4.72881824e-01
    4.85449880e-01 5.55445492e-01 6.95011377e-01 5.35262108e-01
    6.46763325e-01 2.39168480e-01 2.31034189e-01 3.95755470e-01
    3.29620093e-01 2.47491658e-01 3.39254647e-01 1.10337175e-01
    3.52557272e-01 1.44803631e+00 6.25440300e-01 3.73784065e-01
    1.26085329e+00 1.39222407e+00 2.23792362e+00 1.85336924e+00
    2.68273616e+00 2.69680762e+00 2.47396779e+00 2.40041590e+00
    2.57609892e+00 2.73032022e+00 2.77434635e+00 2.24285531e+00
    2.40246558e+00 2.77322960e+00 2.70439506e+00 2.62789512e+00
    2.62019539e+00 2.84517980e+00 2.72043991e+00 2.80153942e+00
    2.41743946e+00 2.25064754e+00 2.22736287e+00 2.58375502e+00
    2.41063356e+00 2.50513744e+00 2.35164332e+00 2.37951040e+00
    1.19235790e+00 2.20111752e+00 2.15480065e+00 1.23827469e+00
    1.66943324e+00 9.93243396e-01 9.46082115e-01 1.38568366e+00
    1.38441694e+00 1.21927750e+00 1.05593526e+00 1.22712958e+00
    1.39497101e+00 1.43662465e+00 1.35526764e+00 1.23058796e+00
    1.53655338e+00 1.44944763e+00 1.37386382e+00 1.39340591e+00
    1.60819530e+00 1.48435092e+00 1.55961597e+00 1.17725885e+00
    1.06860638e+00 1.05950654e+00 1.32449138e+00 1.17060447e+00
    1.24829912e+00 1.09494436e+00 1.11462033e+00 9.48649228e-01
    8.95686865e-01 9.37279046e-01 6.66276693e-01 8.77556384e-01 1. 1. 1.
    1. 1. 1. 1. 1. 1. 1. 1. 0. 0. 0. 0. 0. 0. 0. 1. 1. 1. 1. 1. 1. 1. 1.
    3. 1. 1. 3. 3.</data></evaluations>
</opencv_storage>
