<?xml version="1.0"?>
<opencv_storage>
<covmat type_id="opencv-matrix">
  <rows>5</rows>
  <cols>5</cols>
  <dt>d</dt>
  <data>
    2.8620708213670675e+01 1.3464363340267914e+01 7.9699756551989536e+00
    1.3010805432419534e+00 1.6239519752984222e+00 1.3464363340267914e+01
    2.5880068801201993e+01 6.4896154106527941e+00 1.0611571452849529e+00
    2.0378390216419762e+00 7.9699756551989536e+00 6.4896154106527941e+00
    7.4000496051578812e+00 5.2346735460882632e-01 7.1822774223514874e-01
    1.3010805432419534e+00 1.0611571452849529e+00 5.2346735460882632e-01
    2.1571190124993414e-01 1.3453316298737278e-01 1.6239519752984222e+00
    2.0378390216419762e+00 7.1822774223514874e-01 1.3453316298737278e-01
    9.0633102703878110e-01</data></covmat>
<mean type_id="opencv-matrix">
  <rows>1</rows>
  <cols>5</cols>
  <dt>d</dt>
  <data>
    2.0152322996047234e+00 2.0279103882851137e+00 1.4186907852849653e+00
    3.1009749058754210e-01 4.9703168484472460e-01</data></mean>
<trainingsets type_id="opencv-matrix">
  <rows>31</rows>
  <cols>5</cols>
  <dt>f</dt>
  <data>
    3.22648239e+00 3.20856261e+00 2.00971699e+00 4.07305449e-01
    5.77367485e-01 3.21122193e+00 5.32045960e-01 1.74102235e+00
    3.38818073e-01 4.17209446e-01 2.99432397e+00 2.76585770e+00
    1.61487961e+00 3.56790066e-01 5.60863018e-01 2.85989213e+00
    2.61996484e+00 1.60642970e+00 4.67322499e-01 8.56469274e-01
    8.33530962e-01 1.80311358e+00 1.31267214e+00 3.37124288e-01
    3.26249540e-01 2.25090289e+00 2.65723991e+00 9.76826429e-01
    2.81171173e-01 4.51264501e-01 3.36203551e+00 3.40071630e+00
    1.71554184e+00 4.02304858e-01 6.13211393e-01 2.88274002e+00
    3.24547863e+00 2.14919186e+00 5.00656843e-01 6.08407497e-01
    2.45124197e+00 2.71875000e+00 1.35827088e+00 3.01538616e-01
    4.03746903e-01 2.63466382e+00 1.94562423e+00 1.67821693e+00
    3.47100794e-01 3.61209691e-01 2.47850943e+00 4.14231598e-01
    1.05063164e+00 2.66803652e-01 3.03737879e-01 2.48963451e+00
    2.81480455e+00 1.66053724e+00 2.97335356e-01 3.88295650e-01
    2.31412101e+00 2.50944495e+00 1.43564463e+00 5.62080979e-01
    4.31244612e-01 3.02189922e+00 1.55107224e+00 1.35525167e+00
    3.55056226e-01 8.44671011e-01 2.40309334e+00 2.55989265e+00
    1.13971651e+00 2.98320889e-01 3.84630144e-01 1.13752997e+00
    4.70399141e-01 9.83405292e-01 2.15854019e-01 3.06049466e-01
    2.75331914e-01 4.13500190e-01 8.55649710e-01 2.19288677e-01
    4.08069789e-01 1.94717050e-01 3.33708882e-01 8.78430009e-01
    2.50042498e-01 2.28132248e-01 2.34084225e+00 2.38789558e+00
    9.06892359e-01 2.15723723e-01 5.16175628e-01 4.93774295e-01
    2.22528005e+00 8.42219532e-01 2.51032174e-01 4.07911360e-01
    1.70216417e+00 1.89776897e+00 1.55558157e+00 2.82695323e-01
    5.59381723e-01 4.08428907e-01 1.89257264e+00 9.24838126e-01
    2.58755714e-01 3.31360996e-01 1.53392625e+00 1.21139503e+00
    1.20826769e+00 2.59360224e-01 6.56774342e-01 1.68659019e+00
    8.37790012e-01 8.50600004e-01 2.99176991e-01 4.99660790e-01
    2.87315488e+00 2.83584309e+00 2.09521365e+00 3.15738082e-01
    6.98388159e-01 2.25768948e+00 2.40483856e+00 1.92842853e+00
    2.16405869e-01 6.43379807e-01 1.70765734e+00 3.07980013e+00
    9.78392005e-01 2.76752949e-01 6.72411680e-01 2.72022867e+00
    2.01435304e+00 1.29526830e+00 2.24899471e-01 2.89315701e-01
    2.40374827e+00 2.64078569e+00 3.07527423e+00 3.01276773e-01
    4.56137121e-01 7.27797270e-01 1.25994802e+00 1.44170702e+00
    2.47467965e-01 3.32012475e-01 5.94327271e-01 2.21254325e+00
    1.35469592e+00 2.58821994e-01 8.74242902e-01</data></trainingsets>
</opencv_storage>
