<?xml version="1.0"?>
<opencv_storage>
<covmat type_id="opencv-matrix">
  <rows>5</rows>
  <cols>5</cols>
  <dt>d</dt>
  <data>
    1.7604168465203527e+00 8.6910850006010310e-01 3.7913484766162444e+00
    5.4405467576825495e-01 -1.0766597629198580e+00
    8.6910850006010310e-01 6.3663056780844485e-01 2.7529135203005306e+00
    2.7465265562839472e+00 -4.2243229426716766e-02
    3.7913484766162444e+00 2.7529135203005306e+00 1.9009041168080078e+01
    2.5863137045028708e+01 1.3029696506414533e+01 5.4405467576825495e-01
    2.7465265562839472e+00 2.5863137045028708e+01 1.4580922564089812e+02
    7.8199591793681321e+01 -1.0766597629198580e+00
    -4.2243229426716766e-02 1.3029696506414533e+01
    7.8199591793681321e+01 3.0122140753333787e+02</data></covmat>
<mean type_id="opencv-matrix">
  <rows>1</rows>
  <cols>5</cols>
  <dt>d</dt>
  <data>
    2.0278583803484515e-01 2.7336504767017977e-01 8.5886373731397814e-01
    6.2764437275548133e+00 5.8191021334740425e+00</data></mean>
</opencv_storage>
