<?xml version="1.0"?>
<opencv_storage>
<covmat type_id="opencv-matrix">
  <rows>5</rows>
  <cols>5</cols>
  <dt>d</dt>
  <data>
    1.6216605721214614e-02 1.7928742648375497e-02 1.6060260894807613e-02
    5.4023062365250818e-01 1.8367353210739866e-02 1.7928742648375497e-02
    5.1605670998582348e-02 4.0142889953821918e-02 2.3593036152065743e+00
    6.5766245345956453e-01 1.6060260894807613e-02 4.0142889953821918e-02
    5.6040470288162343e-02 2.2560680165529292e+00 7.6987898656798570e-01
    5.4023062365250818e-01 2.3593036152065743e+00 2.2560680165529292e+00
    2.3055871236596573e+02 8.2269494117042342e+01 1.8367353210739866e-02
    6.5766245345956453e-01 7.6987898656798570e-01 8.2269494117042342e+01
    4.2400808372178041e+01</data></covmat>
<mean type_id="opencv-matrix">
  <rows>1</rows>
  <cols>5</cols>
  <dt>d</dt>
  <data>
    2.8816203917226484e-02 6.1602442495284543e-02 7.6571995212185759e-02
    2.0500055128528225e+00 1.5993494833669355e+00</data></mean>
</opencv_storage>
