<?xml version="1.0"?>
<opencv_storage>
<covmat type_id="opencv-matrix">
  <rows>5</rows>
  <cols>5</cols>
  <dt>d</dt>
  <data>
    1.5885958419068219e+01 7.6791179860900414e+00 5.0216006328889993e+00
    -1.8139910743716001e-02 -1.9336829998411884e-01
    7.6791179860900414e+00 1.9672537223921889e+01 1.9978357383723999e+00
    3.1273343387068131e-01 7.4004849180349530e-01 5.0216006328889993e+00
    1.9978357383723999e+00 6.5496611333433128e+00 5.9571653833215843e-01
    4.7656299144112524e-01 -1.8139910743716001e-02
    3.1273343387068131e-01 5.9571653833215843e-01 5.2898477559221291e-01
    3.9464541879653664e-01 -1.9336829998411884e-01
    7.4004849180349530e-01 4.7656299144112524e-01 3.9464541879653664e-01
    1.3599482440028616e+00</data></covmat>
<mean type_id="opencv-matrix">
  <rows>1</rows>
  <cols>5</cols>
  <dt>d</dt>
  <data>
    2.7131998308243288e+00 2.2594384454911753e+00 2.4565552992205464e+00
    3.9099473337973317e-01 6.4668849591285948e-01</data></mean>
<trainingsets type_id="opencv-matrix">
  <rows>31</rows>
  <cols>5</cols>
  <dt>f</dt>
  <data>
    3.09885287e+00 2.66841769e+00 2.71343756e+00 2.15280920e-01
    4.50016379e-01 2.33735704e+00 2.37274241e+00 2.77722549e+00
    1.98084474e-01 4.28719938e-01 1.71657014e+00 1.98898482e+00
    2.56990600e+00 5.45175076e-01 6.28958344e-01 3.46079350e+00
    2.90132904e+00 2.92647743e+00 4.78949845e-01 9.69819546e-01
    2.70788431e+00 2.46259499e+00 2.84512997e+00 4.40768659e-01
    1.18745315e+00 2.26298380e+00 1.82329834e+00 2.17845511e+00
    3.40052664e-01 7.91697323e-01 9.80272293e-02 2.11175060e+00
    9.91143525e-01 3.61777037e-01 7.69324481e-01 3.14042354e+00
    7.93153048e-01 2.07028437e+00 1.77517056e-01 6.29108071e-01
    3.10353851e+00 1.27520347e+00 2.83981228e+00 4.13367003e-01
    5.02489209e-01 2.56729507e+00 5.12676954e-01 2.63766313e+00
    3.32071066e-01 3.69440317e-01 2.56871152e+00 2.41839170e+00
    2.30824399e+00 3.16184700e-01 6.87019885e-01 3.32690430e+00
    2.87559628e+00 2.07490301e+00 2.73047149e-01 4.53016311e-01
    1.05814123e+00 4.83339787e-01 2.19481468e+00 3.05336475e-01
    7.29459941e-01 3.47174144e+00 3.25133204e+00 3.11020732e+00
    2.95306981e-01 3.44438732e-01 3.46525264e+00 3.39546776e+00
    3.07641387e+00 4.24924105e-01 7.71004915e-01 3.05099630e+00
    9.68466759e-01 2.39277768e+00 3.29468518e-01 7.09406853e-01
    3.30818558e+00 3.15860724e+00 1.69716847e+00 2.26828128e-01
    5.18027902e-01 2.39477420e+00 1.68333650e+00 1.85201061e+00
    3.51845801e-01 3.01953137e-01 2.77589130e+00 2.49106717e+00
    1.90223420e+00 3.07065010e-01 5.25436759e-01 3.02857494e+00
    2.57532120e+00 2.38053608e+00 3.28444958e-01 4.06246096e-01
    3.14918041e+00 3.14914751e+00 2.21484780e+00 3.26392949e-01
    8.28487813e-01 2.22620225e+00 2.24653864e+00 2.64925385e+00
    4.00920272e-01 7.12479651e-01 2.10706043e+00 2.12131739e+00
    2.72103572e+00 5.70948362e-01 5.63846707e-01 3.19093084e+00
    2.97680378e+00 3.03231645e+00 4.23662364e-01 6.67595148e-01
    2.91807079e+00 2.23859072e+00 1.96563613e+00 4.73302662e-01
    4.75361764e-01 2.85243177e+00 2.47016716e+00 2.74091005e+00
    3.54178041e-01 5.72487354e-01 2.52086759e+00 2.39913630e+00
    2.61667466e+00 4.39638704e-01 6.56100988e-01 2.83988380e+00
    1.94944620e+00 2.61501741e+00 7.47299790e-01 6.77715063e-01
    3.30073380e+00 3.57115984e+00 2.49541903e+00 5.97890377e-01
    1.01026928e+00 2.95498562e+00 1.82301962e+00 2.94462538e+00
    6.53917909e-01 1.05293977e+00 3.10594797e+00 2.88618684e+00
    2.61863303e+00 4.71189678e-01 6.57022536e-01</data></trainingsets>
</opencv_storage>
