<?xml version="1.0"?>
<opencv_storage>
<covmat type_id="opencv-matrix">
  <rows>5</rows>
  <cols>5</cols>
  <dt>d</dt>
  <data>
    2.2311336341796217e+01 1.6604424695587188e+01 8.5538380467463231e+00
    1.5581241053000824e-01 4.4531397718299237e-01 1.6604424695587188e+01
    2.3529273127557488e+01 1.2357390692191686e+01 1.8979070893454034e-01
    -6.6170485707158430e-02 8.5538380467463231e+00
    1.2357390692191686e+01 1.5808209264588205e+01 3.5828696312050368e-01
    2.4393014102382388e-01 1.5581241053000824e-01 1.8979070893454034e-01
    3.5828696312050368e-01 3.7385578316470193e-02 3.9851376138178789e-02
    4.4531397718299237e-01 -6.6170485707158430e-02
    2.4393014102382388e-01 3.9851376138178789e-02 6.0699661589361253e-01</data></covmat>
<mean type_id="opencv-matrix">
  <rows>1</rows>
  <cols>5</cols>
  <dt>d</dt>
  <data>
    1.4784416767858690e+00 1.6914132429707434e+00 1.6101652710668501e+00
    1.7972838205675926e-01 9.3766554709403738e-01</data></mean>
<trainingsets type_id="opencv-matrix">
  <rows>31</rows>
  <cols>5</cols>
  <dt>f</dt>
  <data>
    1.04143953e+00 2.44863176e+00 1.86568379e+00 1.09150827e-01
    5.70064664e-01 2.40178108e+00 2.45845699e+00 2.81338263e+00
    2.14295775e-01 8.31218123e-01 8.07431221e-01 7.37586617e-01
    1.20958400e+00 1.75218254e-01 1.06068146e+00 3.52089953e+00
    3.29352522e+00 1.74060047e+00 1.55997336e-01 1.11281466e+00
    6.40442610e-01 6.71088636e-01 8.89618456e-01 1.98016495e-01
    9.94641542e-01 9.33191121e-01 9.73337293e-01 1.36840749e+00
    1.60906196e-01 1.11016393e+00 9.62942302e-01 1.11544096e+00
    8.72791886e-01 2.05834121e-01 1.03016973e+00 1.97734356e+00
    1.97207248e+00 1.53635430e+00 1.98045075e-01 9.62949812e-01
    1.94007361e+00 3.17684412e+00 2.29134822e+00 1.73881441e-01
    8.42525423e-01 9.53231573e-01 1.18571949e+00 1.35414100e+00
    1.98146164e-01 8.64317894e-01 1.16849709e+00 1.36451185e+00
    2.42531109e+00 1.84810609e-01 1.15171885e+00 8.54560494e-01
    2.58662367e+00 2.44862890e+00 2.52565682e-01 1.08903432e+00
    1.22280121e+00 2.82474804e+00 1.45140731e+00 1.80833966e-01
    8.62745404e-01 2.53779483e+00 2.44083238e+00 2.85621357e+00
    2.13710159e-01 1.06907165e+00 2.49801636e-01 3.00768614e-01
    6.06731713e-01 1.42179906e-01 1.03236151e+00 2.16898108e+00
    1.74161983e+00 1.29584646e+00 1.77396297e-01 9.27841246e-01
    2.96453071e+00 2.76351500e+00 2.45216942e+00 2.33440399e-01
    8.78839195e-01 5.66499472e-01 5.25559187e-01 8.53326559e-01
    1.52988076e-01 7.76677012e-01 3.44574213e-01 3.63718748e-01
    5.31399250e-01 1.99123889e-01 8.48614156e-01 4.11196470e-01
    5.43895483e-01 5.45581758e-01 1.31441653e-01 7.67907619e-01
    2.87200165e+00 2.88632703e+00 1.58677709e+00 1.19577765e-01
    1.03498399e+00 9.68362093e-01 2.03813744e+00 3.02952504e+00
    2.16165185e-01 7.61178076e-01 1.59545410e+00 1.43879676e+00
    1.36117053e+00 1.64229810e-01 7.03513265e-01 1.19264996e+00
    1.27418315e+00 1.26036227e+00 1.35007381e-01 7.70378351e-01
    1.75633609e+00 1.73377085e+00 2.30413127e+00 1.84114993e-01
    9.60399091e-01 2.55878735e+00 1.29550481e+00 1.08299506e+00
    1.90805823e-01 9.19400930e-01 1.88360071e+00 1.80904996e+00
    2.34278274e+00 1.72103286e-01 9.87220407e-01 6.44554496e-01
    8.53847086e-01 1.99239123e+00 1.88472331e-01 1.16985965e+00
    2.40150881e+00 2.46527886e+00 1.82721126e+00 2.47982234e-01
    9.99647379e-01 9.98319387e-01 2.24487495e+00 9.48938727e-01
    1.56146973e-01 1.01718807e+00 1.29210401e+00 9.05543268e-01
    7.70309925e-01 1.38991743e-01 9.59504545e-01</data></trainingsets>
</opencv_storage>
