<?xml version="1.0"?>
<opencv_storage>
<covmat type_id="opencv-matrix">
  <rows>5</rows>
  <cols>5</cols>
  <dt>d</dt>
  <data>
    2.0381408356611694e+00 2.1208367038978118e+00 1.6327893301166059e+00
    1.5668585468006246e-01 5.0538256086249755e-01 2.1208367038978118e+00
    3.1761482370799712e+00 3.4162869344886961e+00 1.7778443162311675e-01
    6.4404444419888485e-01 1.6327893301166059e+00 3.4162869344886961e+00
    6.9055085973771941e+00 2.6397478680132980e-01 9.2527528839481943e-01
    1.5668585468006246e-01 1.7778443162311675e-01 2.6397478680132980e-01
    1.1123592149242212e-01 2.4491592078913582e-01 5.0538256086249755e-01
    6.4404444419888485e-01 9.2527528839481943e-01 2.4491592078913582e-01
    8.1957879336817419e-01</data></covmat>
<mean type_id="opencv-matrix">
  <rows>1</rows>
  <cols>5</cols>
  <dt>d</dt>
  <data>
    3.3997256140555104e-01 5.4901963472366333e-01 9.2618840356026921e-01
    7.9784724981554089e-02 1.5884682151579088e-01</data></mean>
<trainingsets type_id="opencv-matrix">
  <rows>31</rows>
  <cols>5</cols>
  <dt>f</dt>
  <data>
    4.05040622e-01 5.90894341e-01 1.06480694e+00 8.35416317e-02
    7.98892379e-02 4.82917488e-01 1.10954165e+00 1.43653607e+00
    5.76167405e-02 7.33307004e-02 1.38498664e-01 3.10674310e-01
    6.63200736e-01 1.17566049e-01 1.53214991e-01 9.86580849e-02
    3.02347422e-01 7.11396039e-01 1.35914862e-01 1.94805264e-01
    1.17872357e-01 5.00609398e-01 1.56945431e+00 5.60423136e-02
    1.79825068e-01 3.52340221e-01 3.51949334e-01 1.22079730e+00
    1.30485654e-01 1.55683547e-01 1.98389649e-01 3.10256720e-01
    8.96917880e-01 1.16860420e-01 2.22356230e-01 3.78566980e-02
    2.23000050e-01 1.22413862e+00 5.07158041e-02 7.06478357e-02
    3.16023827e-04 2.14337468e-01 1.12224638e+00 2.90912390e-02
    7.13341534e-02 1.87215567e-01 9.81075406e-01 2.07488728e+00
    8.35576653e-02 1.63898915e-01 3.70473921e-01 5.76802790e-01
    5.67388058e-01 7.45854676e-02 7.19268322e-02 1.46491647e-01
    3.17631900e-01 4.18282032e-01 2.47338712e-02 5.96436858e-02
    1.41929567e-01 3.44699144e-01 5.57509780e-01 7.96761215e-02
    7.68384337e-02 3.33020449e-01 2.96511233e-01 5.35692453e-01
    2.48312950e-02 3.09962034e-02 3.64378870e-01 3.27616096e-01
    4.30152416e-01 3.14040780e-02 5.63182235e-02 1.59610629e-01
    2.35441923e-01 3.49078298e-01 3.89739871e-02 2.67188549e-02
    1.55269921e-01 3.58834147e-01 4.72458839e-01 3.50875854e-02
    6.74598813e-02 1.74852550e-01 2.61859655e-01 3.81936908e-01
    4.24508154e-02 5.40910363e-02 3.43635798e-01 5.06034970e-01
    6.96884394e-01 5.71332276e-02 1.11443877e-01 4.31941032e-01
    6.55515969e-01 7.69492626e-01 3.54774296e-02 7.48205185e-02
    5.76520562e-01 6.02486789e-01 6.20399594e-01 6.36280477e-02
    9.52790976e-02 1.91531479e-01 4.28950310e-01 6.66008592e-01
    3.81674170e-02 1.06192648e-01 3.65918338e-01 4.97451246e-01
    6.94354177e-01 5.10620475e-02 1.00988925e-01 3.57213557e-01
    3.94634783e-01 6.39435887e-01 3.86322439e-02 7.49347210e-02
    3.64399612e-01 5.26671410e-01 8.65235686e-01 2.89202631e-02
    8.97400975e-02 2.11894035e-01 6.22811079e-01 7.76065469e-01
    1.78125411e-01 4.23874289e-01 1.13928962e+00 1.42536068e+00
    1.75093687e+00 1.58515930e-01 9.95258093e-02 5.43476224e-01
    5.61585426e-01 7.13270187e-01 2.83538133e-01 6.71442509e-01
    3.48487139e-01 7.31872320e-01 1.25094151e+00 6.76163137e-02
    1.83224559e-01 1.02484322e+00 1.35318351e+00 1.56680918e+00
    5.01556993e-02 4.09348130e-01 7.74865866e-01 1.09896719e+00
    2.00512600e+00 2.09218711e-01 6.74457192e-01</data></trainingsets>
</opencv_storage>
