<?xml version="1.0"?>
<opencv_storage>
<evaluations type_id="opencv-matrix">
  <rows>7</rows>
  <cols>31</cols>
  <dt>f</dt>
  <data>
    2.27422908e-01 2.31935650e-01 3.60692382e-01 2.44265988e-01
    2.58835047e-01 1.91565290e-01 1.95307359e-01 2.27868393e-01
    6.29463077e-01 8.73565972e-02 1.17717125e-01 1.24462746e-01
    1.60904050e-01 1.44193709e-01 1.43470123e-01 1.55234829e-01
    1.41627952e-01 1.59235105e-01 2.52706766e-01 1.43077612e-01
    1.84029058e-01 2.09081486e-01 5.23617826e-02 7.25769028e-02
    3.64031866e-02 1.08237050e-01 4.34444211e-02 1.13914363e-01
    2.20875025e-01 2.01865792e-01 1.98551923e-01 1.10992515e+00
    1.15935063e+00 9.28861499e-01 1.25911617e+00 1.29623401e+00
    1.07276404e+00 1.15051830e+00 1.17672765e+00 6.46308780e-01
    1.09047508e+00 1.07260311e+00 1.13542914e+00 1.20206451e+00
    1.16335082e+00 1.18026257e+00 1.14719450e+00 1.13780475e+00
    9.76214468e-01 8.36072266e-01 1.13345551e+00 1.17238927e+00
    8.81421268e-01 1.06995249e+00 1.04537845e+00 1.08750236e+00
    9.94022071e-01 1.09849167e+00 1.01046789e+00 1.25948226e+00
    1.23193038e+00 1.23846495e+00 3.94644213e+00 4.00312376e+00
    3.75778961e+00 4.09304857e+00 4.13449669e+00 3.91734815e+00
    3.98830438e+00 4.01793766e+00 3.48118186e+00 3.95708323e+00
    3.93761468e+00 4.00044537e+00 4.07199049e+00 4.03031111e+00
    4.04517365e+00 4.01535273e+00 4.00768518e+00 3.85753751e+00
    3.71953177e+00 4.00170088e+00 4.04069757e+00 3.77032471e+00
    3.93140006e+00 3.91583991e+00 3.95758200e+00 3.86556244e+00
    3.96882153e+00 3.88287497e+00 4.12410450e+00 4.09720564e+00
    4.10070372e+00 7.33024895e-01 6.99808121e-01 7.48135686e-01
    6.51657641e-01 6.72421813e-01 6.67754710e-01 7.14813530e-01
    7.03930795e-01 9.54113722e-01 9.12878513e-01 9.09406126e-01
    9.10852015e-01 9.28751767e-01 9.29759502e-01 9.08093452e-01
    9.61877406e-01 9.54657495e-01 9.58308816e-01 9.29683208e-01
    9.55945253e-01 9.83900666e-01 9.14569020e-01 8.12962353e-01
    8.00262809e-01 8.38107705e-01 8.15467060e-01 8.28646660e-01
    8.95955265e-01 9.58022833e-01 9.61016297e-01 9.38330591e-01
    1.26949692e+00 1.29962218e+00 1.32423091e+00 1.31844759e+00
    1.31591737e+00 1.28802681e+00 1.26776958e+00 1.29374397e+00
    1.37611485e+00 1.03493047e+00 1.03455126e+00 1.03999925e+00
    1.04150498e+00 1.02765524e+00 1.05282760e+00 9.93142903e-01
    9.99748468e-01 9.91734505e-01 1.06322753e+00 9.96785522e-01
    9.77645338e-01 1.07025516e+00 1.13303483e+00 1.15198338e+00
    1.11010385e+00 1.14193857e+00 1.11969221e+00 1.04966855e+00
    1.03325903e+00 1.01971066e+00 1.04249370e+00 5.38596296e+00
    5.43734074e+00 5.20674610e+00 5.47366953e+00 5.52173281e+00
    5.31598043e+00 5.41779280e+00 5.44836092e+00 4.93833494e+00
    5.36880970e+00 5.32240057e+00 5.38635015e+00 5.46832085e+00
    5.42011642e+00 5.43208694e+00 5.41363287e+00 5.41158819e+00
    5.25917196e+00 5.12847900e+00 5.40387201e+00 5.43829679e+00
    5.19431400e+00 5.33818865e+00 5.32736254e+00 5.36207485e+00
    5.28164768e+00 5.36810923e+00 5.27409363e+00 5.51898479e+00
    5.49603653e+00 5.49106598e+00 0. 0. 0. 0. 0. 0. 0. 0. 0. 0. 0. 0. 0.
    0. 0. 0. 0. 0. 0. 0. 0. 0. 0. 0. 0. 0. 0. 0. 0. 0. 0.</data></evaluations>
</opencv_storage>
