<?xml version="1.0"?>
<opencv_storage>
<covmat type_id="opencv-matrix">
  <rows>5</rows>
  <cols>5</cols>
  <dt>d</dt>
  <data>
    2.8154002493583144e-02 4.6166871083506388e-03 9.2498871141050945e-02
    1.0182582476165937e-02 -2.8207465612242938e-02
    4.6166871083506388e-03 9.6970476776047688e-04 2.5599859767847139e-02
    2.1049532655890231e-03 -7.1128095690595411e-03
    9.2498871141050945e-02 2.5599859767847139e-02 2.0768328367776738e+00
    6.9908883197615443e-02 -2.7119488588740043e-01
    1.0182582476165937e-02 2.1049532655890231e-03 6.9908883197615443e-02
    7.0311840803868016e-03 -1.4980646893197138e-02
    -2.8207465612242938e-02 -7.1128095690595411e-03
    -2.7119488588740043e-01 -1.4980646893197138e-02
    4.7735749621426005e-01</data></covmat>
<mean type_id="opencv-matrix">
  <rows>1</rows>
  <cols>5</cols>
  <dt>d</dt>
  <data>
    5.0881216602940711e-02 2.5930518299461373e-03
    -1.0145342205801318e+00 3.3059960411440943e-02
    2.5955878150078560e-01</data></mean>
<trainingsets type_id="opencv-matrix">
  <rows>31</rows>
  <cols>5</cols>
  <dt>f</dt>
  <data>
    6.99548423e-02 1.05574206e-02 1.98406130e-01 5.95798492e-02
    2.82465219e-01 1.98900521e-01 3.11524887e-02 -5.96169472e-01
    9.29688513e-02 6.07254505e-02 4.16367948e-02 1.11941388e-03
    -9.88865674e-01 5.21507859e-02 9.20066833e-02 2.19636634e-02
    2.87825242e-04 -1.02758634e+00 3.21164727e-02 1.25272751e-01
    5.38050309e-02 8.34554434e-04 -1.03432202e+00 2.10400522e-02
    2.69410610e-01 4.44310009e-02 2.68877763e-03 -9.52331603e-01
    3.33116949e-02 4.14536953e-01 4.71610501e-02 1.13837142e-03
    -1.05207849e+00 3.45723629e-02 2.97737598e-01 5.05389050e-02
    3.71687720e-03 -1.08242226e+00 2.25273073e-02 2.28873730e-01
    8.57891515e-02 1.65376067e-03 -8.73049855e-01 3.20893824e-02
    1.76207304e-01 5.83217219e-02 2.22001085e-03 -1.12554812e+00
    2.80862451e-02 1.82045221e-01 4.55821231e-02 4.15025325e-03
    -1.03003609e+00 2.35321820e-02 1.96031094e-01 2.33836845e-02
    1.02263992e-03 -8.54757726e-01 2.05810666e-02 6.77551031e-02
    3.20645645e-02 2.15423107e-03 -8.13209713e-01 3.11696827e-02
    1.05484366e-01 3.68715227e-02 5.54208737e-03 -8.80191743e-01
    5.05106151e-02 1.37719750e-01 6.67080954e-02 1.11210672e-03
    -1.13756895e+00 4.11457121e-02 1.06302023e-01 3.43000889e-02
    1.24074239e-03 -1.15331447e+00 2.47055590e-02 1.60363197e-01
    5.85918799e-02 9.67684202e-04 -1.02439427e+00 4.20304239e-02
    1.77567005e-01 2.79324651e-02 6.45831227e-04 -1.11733043e+00
    2.35089660e-02 2.19619989e-01 4.15050462e-02 1.44869974e-03
    -1.04222608e+00 2.87591517e-02 3.47250938e-01 4.97761443e-02
    2.25701835e-04 -1.13191462e+00 2.60040164e-02 2.67556190e-01
    5.43592647e-02 1.02406181e-03 -1.17510664e+00 2.29705870e-02
    3.70705485e-01 4.31596711e-02 6.02024607e-04 -1.16441226e+00
    3.26322913e-02 2.53936052e-01 3.83692458e-02 9.11321957e-04
    -1.14025390e+00 1.74903870e-02 3.18229675e-01 5.04003242e-02
    4.57358081e-04 -1.14073145e+00 1.88215077e-02 2.85858154e-01
    3.96609083e-02 6.60225749e-04 -1.12901533e+00 5.15984297e-02
    5.63877821e-01 3.00686136e-02 3.63403466e-04 -1.10531402e+00
    2.42286623e-02 3.75624180e-01 4.40551117e-02 5.53607941e-04
    -1.20824564e+00 2.89689898e-02 4.59553003e-01 3.87345627e-02
    4.96268272e-04 -1.19917047e+00 2.67946124e-02 4.05721426e-01
    5.74127808e-02 5.40587585e-04 -1.07930124e+00 2.63679326e-02
    4.16155219e-01 4.84269932e-02 4.12830617e-04 -1.17420983e+00
    3.07820141e-02 3.65449309e-01 4.34519425e-02 4.83438373e-04
    -1.21588826e+00 2.38129795e-02 3.16280723e-01</data></trainingsets>
</opencv_storage>
