<?xml version="1.0"?>
<opencv_storage>
<evaluations type_id="opencv-matrix">
  <rows>5</rows>
  <cols>31</cols>
  <dt>f</dt>
  <data>
    1.45290184e+00 1.18786561e+00 1.26090848e+00 2.42520070e+00
    1.82669270e+00 9.91371095e-01 2.49970508e+00 1.68498766e+00
    9.86113966e-01 7.05851495e-01 2.34308028e+00 7.10941195e-01
    2.56621242e+00 7.14251161e-01 7.72211850e-01 1.80458748e+00
    5.71375787e-01 5.01544571e+00 3.01996946e+00 7.11011946e-01
    7.05254376e-01 1.28465998e+00 1.88965523e+00 3.82160449e+00
    4.01245785e+00 2.36589432e+00 2.44141865e+00 1.22011936e+00
    3.53146839e+00 2.60042810e+00 3.58090997e+00 9.79966760e-01
    9.54403460e-01 6.98808610e-01 2.06300950e+00 1.07215965e+00
    5.02017498e-01 1.69196415e+00 9.77286041e-01 6.64569616e-01
    7.00837076e-01 1.80146503e+00 5.36649764e-01 2.05634451e+00
    9.46453929e-01 1.21091402e+00 1.12906587e+00 1.06140184e+00
    4.51748085e+00 2.41898608e+00 9.04517710e-01 8.11440349e-01
    6.25302732e-01 1.27249181e+00 3.07834888e+00 3.41564727e+00
    1.77649486e+00 1.72891212e+00 1.14207172e+00 3.20051360e+00
    2.06171513e+00 3.17412972e+00 1.96023262e+00 1.81746435e+00
    2.03667665e+00 6.49619043e-01 1.74190307e+00 2.40761995e+00
    2.55129910e+00 2.64958215e+00 2.81738281e+00 2.86811543e+00
    7.51955807e-01 2.68057656e+00 2.04578853e+00 2.90362072e+00
    3.14967108e+00 2.74167633e+00 3.11492419e+00 2.22836208e+00
    1.96224773e+00 2.78340316e+00 2.45022774e+00 2.25161600e+00
    1.40332568e+00 1.63710165e+00 1.26614416e+00 9.01110053e-01
    1.03793931e+00 1.70815730e+00 1.07804215e+00 1.85176003e+00
    2.01096225e+00 5.09467483e-01 7.26879179e-01 5.72976053e-01
    1.28161538e+00 6.34729922e-01 9.94940698e-01 1.65166807e+00
    1.27493095e+00 1.37960279e+00 1.47220039e+00 8.38762105e-01
    1.29006338e+00 1.28873098e+00 1.54080677e+00 1.83866787e+00
    1.35986149e+00 1.79885662e+00 3.65407515e+00 1.58648956e+00
    1.43596637e+00 1.22099197e+00 7.98575759e-01 3.49323541e-01
    2.23518920e+00 2.52138710e+00 8.32677245e-01 9.40022767e-01
    1.02598393e+00 2.39443231e+00 1.20868337e+00 2.27567220e+00 3. 3. 3.
    2. 3. 1. 3. 1. 1. 1. 2. 1. 3. 0. 0. 1. 0. 2. 3. 0. 0. 1. 3. 2. 2. 3.
    3. 3. 2. 3. 2.</data></evaluations>
</opencv_storage>
