<?xml version="1.0"?>
<opencv_storage>
<covmat type_id="opencv-matrix">
  <rows>5</rows>
  <cols>5</cols>
  <dt>d</dt>
  <data>
    1.1929203409577371e-01 3.4268447087833331e-02
    -1.7280739137412507e-01 6.2922313699768102e-03
    9.7153318629771591e-03 3.4268447087833331e-02 4.2686150976673477e-02
    -2.1251909729398827e-01 5.0594727833053830e-03
    7.9528799426719348e-03 -1.7280739137412507e-01
    -2.1251909729398827e-01 2.7831653213857162e+00
    -1.3907471084916865e-02 -4.6353345665291361e-02
    6.2922313699768102e-03 5.0594727833053830e-03
    -1.3907471084916865e-02 1.0677144523322066e-03
    1.0719613444722441e-03 9.7153318629771591e-03 7.9528799426719348e-03
    -4.6353345665291361e-02 1.0719613444722441e-03
    2.3029890502355081e-03</data></covmat>
<mean type_id="opencv-matrix">
  <rows>1</rows>
  <cols>5</cols>
  <dt>d</dt>
  <data>
    8.2760294598917802e-02 3.0765569017779441e-02
    -1.1846685717182774e+00 7.6185051471956309e-03
    1.3025835637123354e-02</data></mean>
<trainingsets type_id="opencv-matrix">
  <rows>31</rows>
  <cols>5</cols>
  <dt>f</dt>
  <data>
    1.20551288e-01 9.62561369e-02 -2.27921653e+00 5.68586588e-03
    2.06518173e-02 1.40502512e-01 1.66554391e-01 -2.13927674e+00
    2.22401023e-02 4.47206497e-02 2.57401466e-02 1.36492252e-02
    -1.16766381e+00 4.49240208e-03 5.34683466e-03 1.23616397e-01
    8.98486376e-03 -1.16296923e+00 5.92941046e-03 8.89796019e-03
    1.28122568e-01 1.86208487e-02 -1.08494842e+00 3.54504585e-03
    8.53735209e-03 1.38255596e-01 2.86812186e-02 -1.30365396e+00
    1.08912289e-02 1.34982467e-02 1.29356503e-01 5.18232584e-03
    -1.32406771e+00 2.15283036e-03 2.21475363e-02 1.38591528e-02
    1.36678815e-02 -1.33592618e+00 3.19448113e-03 8.89605284e-03
    1.34603381e-02 1.90067887e-02 -1.27600706e+00 9.03642178e-03
    9.25886631e-03 2.26591825e-02 1.47231817e-02 -1.25570893e+00
    7.50327110e-03 9.41574574e-03 5.48843741e-02 7.77339935e-03
    -1.23784578e+00 6.27404451e-03 6.25538826e-03 1.79412484e-01
    3.05609107e-02 -1.09320569e+00 8.18824768e-03 1.73336864e-02
    2.20916629e-01 3.47869992e-02 -1.26575959e+00 1.92799270e-02
    1.37346983e-02 2.01999784e-01 3.62655520e-02 -1.29006565e+00
    5.96913695e-03 1.54600143e-02 5.26737571e-02 3.88492942e-02
    -1.25055873e+00 7.76994228e-03 1.55560374e-02 3.98042798e-02
    8.49717855e-03 -1.12556708e+00 2.62624025e-03 1.09815598e-02
    1.43187046e-02 5.94717264e-03 -1.09337687e+00 1.13260746e-03
    4.95338440e-03 5.71578741e-03 4.46301699e-03 -1.09233427e+00
    1.14423037e-03 3.02946568e-03 4.56632376e-02 2.73954868e-03
    -1.08255637e+00 3.97402048e-03 9.30380821e-03 6.20548129e-02
    1.20592713e-02 -9.08902705e-01 5.91427088e-03 1.11395717e-02
    3.94142270e-02 8.00663233e-03 -1.00231242e+00 5.85216284e-03
    6.67566061e-03 8.88608694e-02 1.42464042e-02 -1.00970709e+00
    9.95236635e-03 9.25976038e-03 1.44365072e-01 2.21422315e-02
    -1.16732752e+00 7.76061416e-03 2.61764526e-02 1.20930314e-01
    7.40885735e-02 -1.04003990e+00 9.57554579e-03 8.80283117e-03
    5.71326017e-02 4.73483205e-02 -9.30045903e-01 8.44877958e-03
    1.44864321e-02 2.55746841e-02 2.18716860e-02 -9.35104311e-01
    4.34833765e-03 7.82710314e-03 1.82253122e-02 1.57144368e-02
    -9.30794001e-01 4.52983379e-03 3.00240517e-03 1.31607056e-02
    3.73595953e-03 -9.31428850e-01 3.87644768e-03 1.11625195e-02
    7.87810981e-02 2.27477551e-02 -9.68817890e-01 3.26943398e-03
    1.01934671e-02 6.27101064e-02 2.59147584e-02 -9.43976462e-01
    1.45376921e-02 1.50426030e-02 1.82846606e-01 1.30646676e-01
    -1.09556007e+00 2.70787179e-02 3.20529938e-02</data></trainingsets>
</opencv_storage>
