<?xml version="1.0"?>
<opencv_storage>
<covmat type_id="opencv-matrix">
  <rows>5</rows>
  <cols>5</cols>
  <dt>d</dt>
  <data>
    8.9432962960362481e+00 9.1847927359043933e+00 2.0619805694325813e-01
    2.7268003202144542e-01 1.4038440330599187e+00 9.1847927359043933e+00
    5.8800731599942111e+01 7.3365453886138843e+00 5.7848792250684877e-01
    3.2829849704353364e+00 2.0619805694325813e-01 7.3365453886138843e+00
    7.2610837223215663e+00 1.6844798435208537e-02 4.0437678957572935e-02
    2.7268003202144542e-01 5.7848792250684877e-01 1.6844798435208537e-02
    5.4819767011160085e-02 8.6904526569152180e-02 1.4038440330599187e+00
    3.2829849704353364e+00 4.0437678957572935e-02 8.6904526569152180e-02
    6.2966398642156984e-01</data></covmat>
<mean type_id="opencv-matrix">
  <rows>1</rows>
  <cols>5</cols>
  <dt>d</dt>
  <data>
    1.3741032692693895e+00 1.6048515112169326e+00
    -8.4208788398292755e-01 1.7634165671563917e-01
    6.1488291044389043e-01</data></mean>
<trainingsets type_id="opencv-matrix">
  <rows>31</rows>
  <cols>5</cols>
  <dt>f</dt>
  <data>
    1.75034595e+00 1.20487094e+00 -8.14551488e-03 1.52667880e-01
    5.51305294e-01 9.84262705e-01 3.41109514e+00 8.39252397e-02
    1.53252780e-01 4.99264240e-01 1.16818583e+00 1.15068686e+00
    -2.14914128e-01 1.17687225e-01 7.09291577e-01 1.26274729e+00
    2.68232822e-01 -1.80229142e-01 1.97974026e-01 7.37172127e-01
    1.08606219e+00 3.18425119e-01 -5.51583618e-02 1.16278291e-01
    3.06567490e-01 1.81386888e+00 4.63187742e+00 -9.10073340e-01
    1.99921727e-01 6.61883116e-01 2.82507038e+00 4.10687447e+00
    -5.05714178e-01 2.25288928e-01 8.70180964e-01 7.32495546e-01
    1.65050626e-01 -8.84027600e-01 1.88180506e-01 4.55034792e-01
    1.04616892e+00 4.37264585e+00 -3.41992259e-01 1.99020088e-01
    8.08895707e-01 1.13148522e+00 4.97381747e-01 -7.56788015e-01
    1.48297489e-01 4.81764704e-01 1.94688547e+00 2.73468971e+00
    -7.09175229e-01 1.46861851e-01 6.10349357e-01 1.10076058e+00
    3.49008799e-01 -1.04566526e+00 1.91913545e-01 7.02413678e-01
    1.77906156e+00 2.10547733e+00 -1.07075131e+00 1.48184240e-01
    7.21710861e-01 1.90767145e+00 2.83319497e+00 -9.39000428e-01
    1.43252790e-01 7.07117140e-01 9.28688407e-01 2.11199462e-01
    -1.40177143e+00 1.37487710e-01 6.47791028e-01 1.02581096e+00
    1.99890375e-01 -1.48498130e+00 1.56781256e-01 5.82328260e-01
    1.50085580e+00 5.73328018e-01 -1.60611534e+00 1.45115435e-01
    5.74648798e-01 8.88532996e-01 1.51338220e-01 -1.54747200e+00
    1.36789918e-01 5.52507937e-01 9.64600921e-01 2.74986029e-01
    -1.55987120e+00 1.63306713e-01 5.15087128e-01 1.20183265e+00
    4.43039894e-01 -1.74202323e+00 1.20794713e-01 4.05508518e-01
    1.20941591e+00 2.96016145e+00 -1.17485940e+00 2.72005618e-01
    7.98443198e-01 9.79153633e-01 2.38160706e+00 -6.77793801e-01
    1.07902586e-01 6.62246466e-01 1.40347695e+00 2.77155137e+00
    -7.13750601e-01 1.90071642e-01 7.16713250e-01 2.75956964e+00
    2.60797977e+00 -1.05227673e+00 2.51797318e-01 9.84961212e-01
    1.12809372e+00 2.43896747e+00 -7.36947477e-01 1.96350217e-01
    6.01885557e-01 2.39251876e+00 1.05766141e+00 -1.05061221e+00
    2.46739268e-01 6.86742842e-01 1.12396288e+00 1.10468447e-01
    -1.21882451e+00 1.66772366e-01 4.60351229e-01 1.47704589e+00
    1.04703593e+00 -8.42814147e-01 2.34395385e-01 5.09320974e-01
    7.88502455e-01 2.54567814e+00 -4.34305191e-01 2.11414337e-01
    5.01246810e-01 7.62534857e-01 1.32119858e+00 -6.48837388e-01
    1.89040244e-01 4.95038748e-01 1.52753294e+00 5.04793406e-01
    -6.73758924e-01 2.11045265e-01 5.43597221e-01</data></trainingsets>
</opencv_storage>
