<?xml version="1.0"?>
<opencv_storage>
<covmat type_id="opencv-matrix">
  <rows>5</rows>
  <cols>5</cols>
  <dt>d</dt>
  <data>
    4.4220816528783944e+00 9.4747629177286594e+00 1.7944745988266719e+00
    1.8604040152146631e-01 3.6897912634161517e-01 9.4747629177286594e+00
    1.1241396540048103e+02 2.8436003589217972e+01 9.1492410066533220e-02
    -7.9797623619120717e-01 1.7944745988266719e+00
    2.8436003589217972e+01 1.6902995783159390e+01
    -1.0578440971176314e-01 -1.1036568412010539e+00
    1.8604040152146631e-01 9.1492410066533220e-02
    -1.0578440971176314e-01 3.7292561152955754e-02
    9.6482167190905493e-02 3.6897912634161517e-01
    -7.9797623619120717e-01 -1.1036568412010539e+00
    9.6482167190905493e-02 1.1444300961343390e+00</data></covmat>
<mean type_id="opencv-matrix">
  <rows>1</rows>
  <cols>5</cols>
  <dt>d</dt>
  <data>
    6.9446103707436591e-01 2.0799832305600567e+00 3.9251840234764157e-01
    1.1355061781021857e-01 7.2254538343798724e-01</data></mean>
<trainingsets type_id="opencv-matrix">
  <rows>31</rows>
  <cols>5</cols>
  <dt>f</dt>
  <data>
    9.86070275e-01 4.20137548e+00 2.55385250e-01 1.28337443e-01
    4.49970901e-01 4.60738301e-01 3.14096481e-01 2.85844684e-01
    1.02145553e-01 8.49417925e-01 4.58837926e-01 2.86192745e-01
    3.51211250e-01 1.33166939e-01 5.91351748e-01 4.45876300e-01
    1.59442604e-01 -1.22881666e-01 1.39041781e-01 7.87849903e-01
    8.48354578e-01 3.56327248e+00 3.70032102e-01 1.38910502e-01
    7.23097801e-01 3.93598020e-01 2.56976223e+00 6.43023252e-02
    8.46577883e-02 1.00228274e+00 8.94380689e-01 7.80955076e-01
    -7.31369108e-02 1.19605899e-01 7.40744710e-01 1.80554509e-01
    4.19317627e+00 2.49485564e+00 5.05519509e-02 1.74782157e-01
    2.07444668e-01 1.59041584e-01 1.96690693e-01 8.79961252e-02
    8.19618344e-01 4.02770847e-01 2.00147331e-01 -3.65716249e-01
    1.15598559e-01 8.09018314e-01 2.88758278e-01 1.78376496e-01
    -4.81436193e-01 1.12131953e-01 7.42908359e-01 4.21634316e-01
    3.21997142e+00 8.99953663e-01 1.10957265e-01 8.41772914e-01
    1.84643018e+00 4.75782108e+00 2.15122151e+00 1.36766613e-01
    6.01097345e-01 1.17791021e+00 2.32100582e+00 5.92562616e-01
    1.88185126e-01 7.37409532e-01 9.90170956e-01 3.90756547e-01
    -7.70949304e-01 1.75835907e-01 7.62081861e-01 6.00607991e-01
    1.97718322e-01 -5.88616490e-01 1.06122434e-01 6.96383119e-01
    7.40994811e-01 1.07679653e+00 7.61186659e-01 1.25199437e-01
    7.77270019e-01 1.09858906e+00 4.26513147e+00 9.25842896e-02
    1.52314425e-01 7.99149990e-01 4.69082594e-02 2.77766585e-02
    -2.71766931e-01 4.31346893e-03 2.78811455e-02 1.20568562e+00
    4.83540487e+00 6.27295077e-01 9.77973938e-02 8.32286954e-01
    8.60136390e-01 4.41803646e+00 8.38975310e-01 1.15775228e-01
    7.82428980e-01 4.99542475e-01 9.16602612e-02 -3.09960008e-01
    1.42224610e-01 7.41811574e-01 5.88535488e-01 3.91387033e+00
    1.97787479e-01 1.37983382e-01 8.88493478e-01 8.18446279e-01
    4.73704672e+00 9.72808838e-01 5.99726439e-02 6.76222444e-01
    8.21127236e-01 4.15907860e+00 1.04130101e+00 1.17042005e-01
    7.11018920e-01 6.72615767e-01 3.96330667e+00 1.25276887e+00
    1.22613728e-01 7.54444957e-01 5.56036234e-01 1.18676901e-01
    4.71137047e-01 8.95674229e-02 9.49591160e-01 1.22662878e+00
    2.77226210e-01 4.94349986e-01 9.80671644e-02 7.57418990e-01
    9.48645175e-01 2.08348453e-01 -8.30519855e-01 9.21825171e-02
    8.05459499e-01 2.52309442e-01 5.28094649e-01 7.35783875e-01
    1.27623498e-01 7.85863996e-01 5.87953091e-01 4.36591339e+00
    8.35015893e-01 1.07380390e-01 7.79777110e-01</data></trainingsets>
</opencv_storage>
