<?xml version="1.0"?>
<opencv_storage>
<evaluations type_id="opencv-matrix">
  <rows>5</rows>
  <cols>31</cols>
  <dt>f</dt>
  <data>
    4.25977111e-01 3.90501171e-01 3.64586174e-01 4.00666207e-01
    3.87881607e-01 3.52254868e-01 3.44262540e-01 3.73762757e-01
    3.71768564e-01 3.63192797e-01 2.47264877e-01 1.98870361e-01
    2.84239203e-01 1.49251834e-01 3.48288685e-01 3.13083678e-01
    3.80279690e-01 2.59063989e-01 2.18141228e-01 3.08703393e-01
    2.08838299e-01 2.96213180e-01 1.03826046e+00 5.94960272e-01
    3.89237314e-01 4.16585326e-01 1.96119118e+00 3.42320710e-01
    7.89247632e-01 9.21780765e-01 9.15004432e-01 1.13478839e+00
    1.09831548e+00 1.07969296e+00 1.11058283e+00 1.09969389e+00
    1.06984341e+00 1.06909871e+00 1.08164871e+00 1.08078933e+00
    1.08020580e+00 7.75259435e-01 9.31517422e-01 8.98645520e-01
    8.71057987e-01 9.06700552e-01 1.03093469e+00 1.09510851e+00
    8.10974896e-01 8.98267567e-01 1.04629374e+00 9.31207836e-01
    9.49624538e-01 1.18282068e+00 1.01115334e+00 8.05434763e-01
    7.49152482e-01 1.83191001e+00 6.65564835e-01 8.79772663e-01
    9.89939272e-01 1.07831919e+00 3.23711705e+00 3.20235372e+00
    3.17955828e+00 3.21336651e+00 3.20103931e+00 3.16777086e+00
    3.15556669e+00 3.18449950e+00 3.18457222e+00 3.17835355e+00
    2.90538073e+00 3.00253201e+00 2.71839237e+00 2.75399876e+00
    2.83662367e+00 3.12465596e+00 3.19439769e+00 2.65061855e+00
    2.93763018e+00 3.11918783e+00 2.86897779e+00 3.07392430e+00
    2.54386353e+00 2.75522661e+00 2.72674823e+00 2.45529389e+00
    1.91207898e+00 2.84755135e+00 2.11546683e+00 2.04082441e+00
    2.09146762e+00 2.00764370e+00 1.97443414e+00 1.96157753e+00
    1.98676455e+00 1.97450924e+00 1.95257509e+00 1.93677163e+00
    1.95614946e+00 1.96311104e+00 1.95824027e+00 1.66578627e+00
    1.80771446e+00 1.54325986e+00 1.65208805e+00 1.74764025e+00
    1.92339027e+00 1.97012401e+00 1.49168396e+00 1.69662189e+00
    1.90211141e+00 1.68883038e+00 1.84116614e+00 1.80808914e+00
    1.79582679e+00 1.62088656e+00 1.32632720e+00 1.39494884e+00
    1.57815754e+00 1.25720525e+00 1.30138779e+00 1.33822799e+00 0. 0. 0.
    0. 0. 0. 0. 0. 0. 0. 0. 0. 0. 0. 0. 0. 0. 0. 0. 0. 0. 0. 0. 0. 0. 0.
    3. 0. 0. 0. 0.</data></evaluations>
</opencv_storage>
