<?xml version="1.0"?>
<opencv_storage>
<evaluations type_id="opencv-matrix">
  <rows>7</rows>
  <cols>31</cols>
  <dt>f</dt>
  <data>
    6.35062170e+00 5.35911226e+00 3.62784481e+00 4.42645264e+00
    3.62746644e+00 5.04207373e+00 2.83910108e+00 4.22376204e+00
    4.37093735e+00 4.09870958e+00 3.64941788e+00 3.88770795e+00
    4.42602158e+00 3.28097510e+00 2.40832233e+00 2.28128076e+00
    4.69212151e+00 4.13596296e+00 2.83929491e+00 4.29469156e+00
    3.29690742e+00 2.20674181e+00 4.09329224e+00 4.68318796e+00
    3.74221063e+00 3.65406346e+00 5.83629227e+00 4.69565153e+00
    3.40262985e+00 4.34306288e+00 3.83905721e+00 5.36788082e+00
    4.38236618e+00 2.70167685e+00 3.40426493e+00 2.66872025e+00
    4.03264332e+00 1.88179243e+00 3.18415380e+00 3.33687234e+00
    3.13073850e+00 2.66730595e+00 2.89913678e+00 3.42772317e+00
    2.29305506e+00 1.54948378e+00 1.39894426e+00 3.65977502e+00
    3.10117769e+00 1.90767086e+00 3.27695417e+00 2.28264403e+00
    1.40640450e+00 3.10174108e+00 3.65934777e+00 2.73533106e+00
    2.63696003e+00 4.82314157e+00 3.71147132e+00 2.44662547e+00
    3.34229350e+00 2.81975341e+00 2.53803682e+00 1.46309328e+00
    6.94118977e-01 5.52211046e-01 5.72773635e-01 1.11834419e+00
    1.42962277e+00 5.74302614e-01 7.44081318e-01 5.81577778e-01
    5.22103906e-01 3.71496826e-01 5.27188718e-01 7.81986415e-01
    1.71956456e+00 1.76776481e+00 9.75817919e-01 4.02230650e-01
    1.20040381e+00 4.49430972e-01 8.03007185e-01 2.17519474e+00
    2.94017136e-01 7.75785983e-01 2.73228765e-01 4.43540663e-01
    2.05194664e+00 7.87900925e-01 7.37232327e-01 4.94284689e-01
    1.86588749e-01 6.38878822e+00 5.41692495e+00 3.76951504e+00
    4.52705908e+00 3.77944207e+00 5.13958883e+00 2.95408273e+00
    4.34208202e+00 4.43841839e+00 4.20022774e+00 3.79528379e+00
    4.03390408e+00 4.58281946e+00 3.45451999e+00 2.64232397e+00
    2.49414277e+00 4.81195879e+00 4.27236557e+00 3.03728485e+00
    4.42611694e+00 3.48909879e+00 2.64961481e+00 4.23419428e+00
    4.82271481e+00 3.90107799e+00 3.79665494e+00 5.88890839e+00
    4.80035114e+00 3.55912089e+00 4.41917467e+00 3.97884059e+00
    6.37011862e+00 5.39595747e+00 3.66136956e+00 4.45641088e+00
    3.65034986e+00 5.04087877e+00 3.02214956e+00 4.24172640e+00
    4.45234108e+00 4.12764311e+00 3.68400693e+00 3.90185595e+00
    4.37666130e+00 3.31095791e+00 2.46892428e+00 2.39233613e+00
    4.67456007e+00 4.13538408e+00 2.87389588e+00 4.28653669e+00
    3.30402493e+00 1.99524546e+00 4.07979488e+00 4.64465761e+00
    3.73373318e+00 3.69253850e+00 5.85841846e+00 4.70859098e+00
    3.44124985e+00 4.40611124e+00 3.85733318e+00 1.88483024e+00
    2.08997059e+00 2.95588088e+00 1.96308327e+00 2.87658954e+00
    1.84913039e+00 3.49296832e+00 1.88870978e+00 1.89672017e+00
    1.92088830e+00 2.83727813e+00 2.68580937e+00 2.20707798e+00
    2.97675157e+00 3.71598554e+00 3.69122124e+00 1.50941455e+00
    2.03294396e+00 3.21677327e+00 1.95101666e+00 2.94399190e+00
    4.08461428e+00 2.15143633e+00 1.91861224e+00 2.35996580e+00
    2.65371203e+00 1.45190513e+00 2.36069179e+00 2.99929357e+00
    1.99653649e+00 2.36741090e+00 5. 2. 2. 2. 2. 2. 2. 2. 2. 2. 2. 2. 2.
    2. 1. 1. 2. 2. 2. 2. 2. 1. 2. 2. 2. 2. 5. 2. 2. 2. 2.</data></evaluations>
</opencv_storage>
