<?xml version="1.0"?>
<opencv_storage>
<evaluations type_id="opencv-matrix">
  <rows>7</rows>
  <cols>31</cols>
  <dt>f</dt>
  <data>
    1.75076351e-01 6.99837685e-01 1.08795393e+00 1.12624609e+00
    1.13231945e+00 1.07417798e+00 1.15304506e+00 1.17778802e+00
    9.65360165e-01 1.21903634e+00 1.12508869e+00 9.59826767e-01
    9.13939059e-01 9.77763772e-01 1.23252833e+00 1.24887276e+00
    1.11827123e+00 1.21431851e+00 1.15006399e+00 1.22940004e+00
    1.28338158e+00 1.26130545e+00 1.24342537e+00 1.23962975e+00
    1.28364873e+00 1.21762335e+00 1.33273697e+00 1.31394744e+00
    1.19705534e+00 1.28215086e+00 1.31759775e+00 1.06395555e+00
    1.23684669e+00 1.47403324e+00 1.48491728e+00 1.38556826e+00
    1.25099683e+00 1.38250804e+00 1.44317949e+00 1.33153498e+00
    1.49687874e+00 1.43131697e+00 1.42722571e+00 1.37381756e+00
    1.38260853e+00 1.54811800e+00 1.53890932e+00 1.43245125e+00
    1.48177314e+00 1.35072386e+00 1.45426774e+00 1.42771971e+00
    1.48704255e+00 1.43751252e+00 1.45043135e+00 1.30792236e+00
    1.38515234e+00 1.41390920e+00 1.43472409e+00 1.33279538e+00
    1.43164086e+00 1.49057448e+00 3.89074731e+00 4.01847649e+00
    4.10634899e+00 4.09837103e+00 3.97051120e+00 3.83155251e+00
    3.94737172e+00 4.01481915e+00 4.00751495e+00 4.05898809e+00
    4.03360796e+00 4.12278938e+00 4.07777786e+00 4.05106640e+00
    4.11877441e+00 4.09245110e+00 4.03749609e+00 4.03720045e+00
    3.90780902e+00 3.99175239e+00 3.91474581e+00 4.01020002e+00
    3.95801950e+00 3.98070836e+00 3.73897123e+00 3.90286326e+00
    3.85051870e+00 3.89535475e+00 3.85329723e+00 3.91805935e+00
    3.97308779e+00 7.33797371e-01 1.53097546e+00 1.92051196e+00
    1.95844054e+00 1.96259618e+00 1.89099634e+00 1.98149896e+00
    2.00993943e+00 1.79975176e+00 2.05283475e+00 1.95780981e+00
    1.78989983e+00 1.74519670e+00 1.80992615e+00 2.06698942e+00
    2.08207250e+00 1.95179796e+00 2.04585671e+00 1.97473276e+00
    2.06011271e+00 2.10831976e+00 2.09246707e+00 2.07100463e+00
    2.06953979e+00 2.08667397e+00 2.04029274e+00 2.15010405e+00
    2.13580108e+00 2.01683831e+00 2.10721278e+00 2.14605856e+00
    1.21362245e+00 4.90793437e-01 1.70835197e-01 1.38005510e-01
    2.53916252e-02 1.67119965e-01 5.37162647e-02 7.52507299e-02
    1.67885929e-01 1.35693297e-01 6.63125664e-02 2.51458704e-01
    2.54220992e-01 1.82762533e-01 1.97340399e-01 1.71599165e-01
    8.34412053e-02 1.13065571e-01 9.25444439e-02 1.17892854e-01
    1.95584878e-01 1.50195897e-01 1.40176669e-01 1.29710913e-01
    3.25867027e-01 1.49091497e-01 2.78548539e-01 2.35892460e-01
    1.69731766e-01 1.91637859e-01 2.09537521e-01 5.27025795e+00
    5.48749399e+00 5.52469158e+00 5.50177526e+00 5.35868788e+00
    5.20387030e+00 5.33439493e+00 5.40696907e+00 5.42025471e+00
    5.45932341e+00 5.43040371e+00 5.53230429e+00 5.48820829e+00
    5.46411896e+00 5.53381300e+00 5.48878098e+00 5.44517756e+00
    5.42524624e+00 5.28536129e+00 5.37850428e+00 5.28633165e+00
    5.39854240e+00 5.33266449e+00 5.36263704e+00 5.09043837e+00
    5.27100134e+00 5.20817041e+00 5.25916052e+00 5.22308302e+00
    5.29166651e+00 5.34877586e+00 0. 4. 4. 4. 4. 4. 4. 4. 4. 4. 4. 4. 4.
    4. 4. 4. 4. 4. 4. 4. 4. 4. 4. 4. 4. 4. 4. 4. 4. 4. 4.</data></evaluations>
</opencv_storage>
