<?xml version="1.0"?>
<opencv_storage>
<evaluations type_id="opencv-matrix">
  <rows>7</rows>
  <cols>31</cols>
  <dt>f</dt>
  <data>
    4.32005167e+00 3.18240237e+00 3.50521374e+00 5.22666550e+00
    4.90782404e+00 5.24029016e+00 4.55450535e+00 6.08061171e+00
    5.34560680e+00 5.99677277e+00 5.30133343e+00 5.13613319e+00
    5.24405813e+00 5.95477295e+00 5.15015650e+00 5.38636780e+00
    4.99918127e+00 5.41267204e+00 4.75599957e+00 5.11916208e+00
    6.39739037e+00 4.80716228e+00 6.97343874e+00 6.26575661e+00
    6.54513502e+00 6.06051302e+00 6.29720592e+00 5.08343172e+00
    5.90349627e+00 5.80329847e+00 5.41840124e+00 3.35515141e+00
    2.21432161e+00 2.55565405e+00 4.30850601e+00 3.97686648e+00
    4.24670839e+00 3.61199737e+00 5.14609623e+00 4.38854551e+00
    5.01888180e+00 4.33787155e+00 4.16574478e+00 4.29627132e+00
    5.01692677e+00 4.18841171e+00 4.46366978e+00 4.05523920e+00
    4.46675158e+00 3.83993840e+00 4.14827728e+00 5.42156267e+00
    3.84289193e+00 6.01236963e+00 5.27660990e+00 5.61689663e+00
    5.07803202e+00 5.32833624e+00 4.11157608e+00 4.91994476e+00
    4.83297873e+00 4.48455286e+00 1.58114266e+00 1.49424648e+00
    1.50539410e+00 2.44609666e+00 2.11627030e+00 2.06122518e+00
    1.88922369e+00 3.03239441e+00 2.08435321e+00 2.76023412e+00
    2.26829815e+00 2.15361357e+00 2.30938005e+00 2.89533520e+00
    2.18679571e+00 2.54048204e+00 2.02777481e+00 2.46937561e+00
    2.14519525e+00 2.15702891e+00 3.16244340e+00 1.94309831e+00
    3.74669743e+00 3.01033115e+00 3.46113467e+00 2.82561684e+00
    3.06006479e+00 2.07498240e+00 2.69326067e+00 2.55661678e+00
    2.45256782e+00 4.38322020e+00 3.32597828e+00 3.58602095e+00
    5.26743174e+00 4.95359898e+00 5.30981731e+00 4.61840343e+00
    6.11700344e+00 5.44085979e+00 6.05201197e+00 5.35717344e+00
    5.19607496e+00 5.30106068e+00 6.01645422e+00 5.23190260e+00
    5.44131136e+00 5.05118227e+00 5.44635201e+00 4.81087542e+00
    5.19556808e+00 6.46505928e+00 4.89157724e+00 7.02649927e+00
    6.32374430e+00 6.59519148e+00 6.11642838e+00 6.34557629e+00
    5.16253996e+00 5.96442604e+00 5.86818409e+00 5.50679016e+00
    4.37725401e+00 3.21862674e+00 3.59496832e+00 5.25804996e+00
    4.94886112e+00 5.25075626e+00 4.59223413e+00 6.09141493e+00
    5.30370998e+00 5.99498940e+00 5.31995201e+00 5.15780210e+00
    5.25903416e+00 5.93412924e+00 5.13797808e+00 5.39286566e+00
    5.02970600e+00 5.45343637e+00 4.78951550e+00 5.11875677e+00
    6.36528254e+00 4.80707169e+00 6.94295788e+00 6.25502396e+00
    6.52098799e+00 6.05692387e+00 6.29274464e+00 5.08055067e+00
    5.89865208e+00 5.79085636e+00 5.37847137e+00 1.06662428e+00
    2.19399428e+00 1.86416566e+00 3.87524605e-01 5.04539311e-01
    4.26589131e-01 8.16002250e-01 7.71536887e-01 5.96817970e-01
    6.70928061e-01 1.36566982e-01 2.96684086e-01 1.54197827e-01
    6.56885684e-01 2.37552330e-01 3.41822743e-01 4.26348716e-01
    2.30833381e-01 6.88335657e-01 3.01334709e-01 1.05246758e+00
    5.65679610e-01 1.62059784e+00 9.72983181e-01 1.25600612e+00
    7.46625423e-01 9.42052066e-01 3.17144036e-01 6.09277189e-01
    4.90350217e-01 3.84071022e-01 5. 2. 2. 5. 5. 5. 5. 5. 5. 5. 5. 5. 5.
    5. 5. 5. 5. 5. 5. 5. 5. 5. 5. 5. 5. 5. 5. 5. 5. 5. 5.</data></evaluations>
</opencv_storage>
