<?xml version="1.0"?>
<opencv_storage>
<covmat type_id="opencv-matrix">
  <rows>5</rows>
  <cols>5</cols>
  <dt>d</dt>
  <data>
    2.9335470722374254e+01 2.2165754889985848e+01
    -2.5338302133831425e-02 1.7783955228080490e+00
    2.0912053691164125e+00 2.2165754889985848e+01 6.0409008745543403e+01
    3.7297664564859776e+00 6.4563874583174319e-01 2.4931554888983474e+00
    -2.5338302133831425e-02 3.7297664564859776e+00
    6.9342023428417585e+00 -1.1380600706771389e-01
    -7.6441912948031043e-01 1.7783955228080490e+00
    6.4563874583174319e-01 -1.1380600706771389e-01
    4.2394907110319985e-01 4.2321611159883160e-01 2.0912053691164125e+00
    2.4931554888983474e+00 -7.6441912948031043e-01
    4.2321611159883160e-01 2.3515770526343829e+00</data></covmat>
<mean type_id="opencv-matrix">
  <rows>1</rows>
  <cols>5</cols>
  <dt>d</dt>
  <data>
    2.1481579542160034e+00 2.7383294345871092e+00
    -3.1713293730506614e-01 5.7403408039000725e-01
    8.5485941171646118e-01</data></mean>
<trainingsets type_id="opencv-matrix">
  <rows>31</rows>
  <cols>5</cols>
  <dt>f</dt>
  <data>
    2.95690656e+00 5.01592159e+00 2.45552540e-01 7.60999918e-01
    9.46260870e-01 2.91609263e+00 3.17252159e+00 -2.47940794e-01
    7.54505396e-01 1.04109406e+00 2.54004979e+00 4.97692251e+00
    -1.12751377e+00 5.24405718e-01 9.05929685e-01 2.77699614e+00
    3.13010788e+00 -1.21263111e+00 5.93154550e-01 1.27505183e+00
    1.98952138e+00 3.55715203e+00 -1.53274939e-03 5.22499323e-01
    8.36588204e-01 2.75160098e+00 4.17004681e+00 4.39234346e-01
    6.11814499e-01 1.08947527e+00 3.20415998e+00 2.23132181e+00
    -1.07727587e+00 7.74452686e-01 1.20321274e+00 3.39477706e+00
    3.18436337e+00 -5.59900820e-01 8.33155990e-01 9.06441391e-01
    3.15286255e+00 3.23625636e+00 -8.79496485e-02 6.81061387e-01
    9.42161322e-01 3.35526466e+00 3.74037719e+00 -8.60207081e-02
    6.32594109e-01 4.24626768e-01 3.35894275e+00 3.47204757e+00
    6.01785518e-02 5.59357405e-01 7.76900291e-01 2.66607308e+00
    2.65925193e+00 -8.07446301e-01 5.89080691e-01 9.51064706e-01
    5.03727853e-01 6.10729337e-01 -1.43262291e+00 4.29865211e-01
    6.75841808e-01 2.18608999e+00 2.72947407e+00 -7.17241824e-01
    5.83327532e-01 6.91250205e-01 1.75492775e+00 3.48869753e+00
    -5.98176003e-01 4.94209409e-01 7.99648106e-01 3.51025164e-01
    4.87022609e-01 7.42812902e-02 3.97662640e-01 3.89882684e-01
    2.88730073e+00 2.82852983e+00 -3.75821084e-01 4.54961658e-01
    5.66228271e-01 6.88799500e-01 4.27748919e+00 -4.16342854e-01
    5.35045922e-01 7.26992905e-01 2.66224933e+00 1.17456293e+00
    6.30177259e-02 5.39110184e-01 4.46592569e-01 7.75172234e-01
    5.72418213e-01 1.49556715e-02 6.38542175e-01 6.56346500e-01
    2.02319622e+00 3.38961411e+00 4.70726699e-01 5.65184355e-01
    1.21928382e+00 1.56154752e+00 1.56959367e+00 -2.55449802e-01
    6.06616616e-01 7.65374243e-01 9.57257867e-01 5.18982887e-01
    -4.39007789e-01 6.00047350e-01 1.45026147e+00 2.25937057e+00
    9.10303831e-01 -9.80749309e-01 6.73299432e-01 1.10126865e+00
    2.80514669e+00 3.03786993e+00 -2.37214148e-01 5.91338515e-01
    1.43241143e+00 2.32248926e+00 3.42655706e+00 -2.36913823e-02
    5.52716374e-01 6.36054456e-01 6.31361783e-01 1.04146409e+00
    -1.71799272e-01 6.33015633e-01 6.66365623e-01 9.78139699e-01
    4.86862230e+00 4.80757840e-02 3.83346379e-01 9.69315231e-01
    2.78616738e+00 3.83210278e+00 -4.75549810e-02 5.67523658e-01
    8.42213273e-01 2.84532022e+00 3.23571515e+00 -2.44267672e-01
    3.64142418e-01 6.93488777e-01 5.50359249e-01 3.42172325e-01
    -9.89928693e-02 3.48019361e-01 4.73014593e-01</data></trainingsets>
</opencv_storage>
