<?xml version="1.0"?>
<opencv_storage>
<covmat type_id="opencv-matrix">
  <rows>5</rows>
  <cols>5</cols>
  <dt>d</dt>
  <data>
    5.7387342119976932e+00 1.5987287526333700e+00 1.3566525286777500e+00
    1.0733233795800652e-01 1.6052278085758814e-01 1.5987287526333700e+00
    3.8942434041645395e+00 3.8053178018434408e-01 1.4900891236167541e-01
    2.4975008804872173e-01 1.3566525286777500e+00 3.8053178018434408e-01
    5.3907962639266593e-01 4.2601514436576109e-02 4.3353841766169653e-02
    1.0733233795800652e-01 1.4900891236167541e-01 4.2601514436576109e-02
    6.4005600949021385e-02 7.4356807873050684e-02 1.6052278085758814e-01
    2.4975008804872173e-01 4.3353841766169653e-02 7.4356807873050684e-02
    1.3355351898527645e-01</data></covmat>
<mean type_id="opencv-matrix">
  <rows>1</rows>
  <cols>5</cols>
  <dt>d</dt>
  <data>
    2.4018322075566936e-01 3.3067256981326687e-01 1.1773337856415779e-01
    4.2024571088052562e-02 7.3186230274938771e-02</data></mean>
<trainingsets type_id="opencv-matrix">
  <rows>31</rows>
  <cols>5</cols>
  <dt>f</dt>
  <data>
    9.79185104e-04 4.51946259e-03 4.59122658e-03 4.29520011e-03
    1.28750801e-02 4.96864319e-04 4.16563749e-02 2.50000954e-02
    9.26268101e-03 3.03089619e-02 3.20672989e-04 7.94299841e-02
    2.93726921e-02 6.17972016e-03 1.68502927e-02 1.98602676e-04
    3.33295465e-02 1.69353485e-02 4.15548682e-03 1.90233588e-02
    1.65224075e-04 4.63735461e-02 2.01296806e-02 1.04599893e-02
    3.45239043e-02 1.24931335e-04 9.55609679e-02 3.21340561e-02
    9.04574990e-03 2.06200480e-02 1.00374222e-04 1.05167031e-01
    1.84836388e-02 4.46643829e-02 8.60977769e-02 7.82012939e-05
    5.88022470e-02 3.19573879e-02 2.30579078e-02 5.27547002e-02
    5.84125519e-05 6.65890574e-02 3.42037678e-02 1.55602694e-02
    1.72016025e-02 5.00679016e-05 7.85831809e-02 2.60989666e-02
    1.36132836e-02 3.45603228e-02 1.05082273e-01 2.15300918e-01
    2.69392848e-01 1.12325728e-01 1.13611400e-01 1.02012873e-01
    2.08649457e-01 1.09421849e-01 9.88173485e-03 6.35439157e-03
    4.83609438e-01 2.61968315e-01 8.82238150e-02 5.26543856e-02
    1.99009597e-01 2.77039766e-01 4.61116910e-01 7.25858212e-02
    1.47078931e-02 3.97576094e-02 1.83286667e-02 5.81347287e-01
    7.99804926e-02 1.08223885e-01 1.31838799e-01 8.08477402e-04
    1.56371474e-01 5.19165993e-02 7.62799382e-03 3.72201204e-03
    3.36885452e-04 5.60373068e-02 1.96558237e-02 1.54755414e-02
    3.66101861e-02 4.91534233e-01 3.19232762e-01 1.65375113e-01
    6.37589395e-02 1.05802715e-01 2.06862688e-01 1.45677269e-01
    1.35971189e-01 4.12459970e-02 1.82359755e-01 7.83421993e-02
    8.29970837e-02 3.52675915e-02 3.66446376e-02 4.26480770e-02
    3.56931210e-01 1.71783864e-01 8.27810764e-02 9.40682292e-02
    4.47694063e-02 4.79531288e-03 1.53298974e-01 1.35482550e-01
    2.56814361e-02 9.02526379e-02 1.43432617e-03 1.34071457e+00
    1.21723771e-01 1.47769451e-02 7.95593858e-02 6.52790070e-04
    8.68183374e-01 3.64360809e-02 1.04950666e-02 6.41506314e-02
    6.80823326e-02 6.08162522e-01 1.79660797e-01 1.80282146e-01
    2.21294761e-01 6.00642920e-01 4.54990029e-01 2.30974317e-01
    1.06503993e-01 1.78903818e-01 2.13427401e+00 3.75908494e-01
    6.23549581e-01 2.85757780e-02 4.84107733e-02 1.72203302e-01
    1.75785542e-01 4.14336085e-01 4.23150659e-02 4.87123728e-02
    7.54203081e-01 9.13544893e-01 2.51876235e-01 1.75840855e-02
    5.41160703e-02 7.99589097e-01 1.05292964e+00 2.25138068e-01
    2.69976854e-02 1.54976249e-02 7.86341429e-01 1.03683758e+00
    8.10781717e-02 1.52639866e-01 2.36575067e-01</data></trainingsets>
</opencv_storage>
