<?xml version="1.0"?>
<opencv_storage>
<covmat type_id="opencv-matrix">
  <rows>5</rows>
  <cols>5</cols>
  <dt>d</dt>
  <data>
    3.2928254076542068e+01 1.9178505925749707e+01 1.2823116377687183e+01
    6.2475769792824853e-01 1.0068156289418060e+00 1.9178505925749707e+01
    2.2972988703662210e+01 8.4638482415071241e+00 5.1435667696944398e-01
    8.2238147582229459e-01 1.2823116377687183e+01 8.4638482415071241e+00
    1.7571561293068164e+01 1.5094788792950237e-01 4.9647270395571164e-01
    6.2475769792824853e-01 5.1435667696944398e-01 1.5094788792950237e-01
    2.7883907494419241e-02 -7.5089042652059981e-03
    1.0068156289418060e+00 8.2238147582229459e-01 4.9647270395571164e-01
    -7.5089042652059981e-03 4.8128256610004994e-01</data></covmat>
<mean type_id="opencv-matrix">
  <rows>1</rows>
  <cols>5</cols>
  <dt>d</dt>
  <data>
    1.1560731895508305e+00 8.2004268707767602e-01 1.2773676976080863e+00
    7.9811452857909665e-02 6.4978183469464701e-01</data></mean>
<trainingsets type_id="opencv-matrix">
  <rows>31</rows>
  <cols>5</cols>
  <dt>f</dt>
  <data>
    9.76613522e-01 4.69858646e-01 1.05810738e+00 7.86936879e-02
    8.87786329e-01 9.76150274e-01 8.37790012e-01 5.75617909e-01
    8.10369551e-02 7.06454575e-01 7.15282679e-01 5.39273500e-01
    1.05792379e+00 7.30893910e-02 7.33287215e-01 1.88279319e+00
    1.80237246e+00 8.97257984e-01 1.18169665e-01 7.08854437e-01
    6.61610126e-01 1.01157701e+00 1.60528564e+00 6.32474422e-02
    7.67673373e-01 3.18050742e-01 4.20922041e-01 9.19869781e-01
    5.78989387e-02 6.43215597e-01 1.82479620e-02 8.81422639e-01
    2.47254348e+00 4.97484505e-02 6.65431559e-01 1.57895088e-01
    1.78511858e-01 1.72897708e+00 8.04920197e-02 5.33265889e-01
    4.30588722e-02 9.13095474e-02 9.29608047e-01 7.16505349e-02
    5.38212955e-01 8.06868076e-02 8.76612663e-02 6.07628822e-01
    6.27626777e-02 4.89485562e-01 1.77088523e+00 1.37160313e+00
    1.41225100e+00 1.17159069e-01 6.91263616e-01 1.88670039e-01
    2.26927876e-01 6.88788891e-01 4.06673253e-02 4.80512351e-01
    2.03900576e+00 4.76107597e-02 1.80559790e+00 5.91176152e-02
    7.21554458e-01 2.02648163e-01 6.22920990e-02 3.35177064e-01
    4.96515930e-02 6.97187722e-01 3.84433270e-02 1.58972740e-02
    6.28325939e-02 5.71652651e-02 7.46450901e-01 1.28194809e-01
    1.00288630e-01 1.80048287e+00 5.78196049e-02 6.72370970e-01
    3.96919250e-02 7.28321075e-03 1.34895444e-01 4.75649238e-02
    4.99059021e-01 3.43665934e+00 3.53097892e+00 2.16163349e+00
    9.20360982e-02 7.90993094e-01 2.27230692e+00 3.04412365e-01
    2.27978349e+00 7.83357620e-02 6.33739233e-01 2.99993992e-01
    1.50243998e-01 3.42409372e-01 4.29466069e-02 7.20431209e-01
    4.63011742e-01 5.13104677e-01 3.20839643e-01 6.61663711e-02
    6.83607996e-01 4.51311827e-01 4.52482700e-01 1.21652758e+00
    5.91854453e-02 6.92294538e-01 1.41692710e+00 7.86723614e-01
    1.45529222e+00 4.67524827e-02 5.07929802e-01 2.05105782e+00
    1.90347457e+00 3.01192307e+00 7.59255886e-02 7.61811495e-01
    2.66254759e+00 2.54023075e+00 2.33586168e+00 1.37139171e-01
    7.21786678e-01 1.81509876e+00 1.18448377e+00 1.59732008e+00
    1.41137332e-01 5.08046150e-01 1.46503162e+00 1.35436869e+00
    1.93647504e+00 1.06721729e-01 3.89903754e-01 1.12815976e+00
    1.08087778e+00 3.29800963e-01 1.36444956e-01 3.62138212e-01
    2.70361018e+00 2.60863590e+00 9.40254509e-01 1.35888696e-01
    8.00047874e-01 2.06232119e+00 2.59489775e-01 1.83475244e+00
    8.36785436e-02 7.71099389e-01 3.37230253e+00 5.99213839e-01
    1.74267936e+00 1.05861098e-01 6.17340922e-01</data></trainingsets>
</opencv_storage>
