<?xml version="1.0"?>
<opencv_storage>
<covmat type_id="opencv-matrix">
  <rows>5</rows>
  <cols>5</cols>
  <dt>d</dt>
  <data>
    1.7533081249286717e-01 8.1459787024849295e-01
    -1.8124501645570951e-01 9.3915693256832154e-03
    1.4584985729171416e-02 8.1459787024849295e-01 1.2864222038784732e+01
    -2.1634469341861324e+00 7.9834840225563003e-02
    2.0722562318083657e-01 -1.8124501645570951e-01
    -2.1634469341861324e+00 8.9488432914263727e-01
    -1.4430615410351870e-02 -3.8960239274803514e-02
    9.3915693256832154e-03 7.9834840225563003e-02
    -1.4430615410351870e-02 1.0123635466818251e-03
    1.4218881159313505e-03 1.4584985729171416e-02 2.0722562318083657e-01
    -3.8960239274803514e-02 1.4218881159313505e-03
    4.3386371603437446e-03</data></covmat>
<mean type_id="opencv-matrix">
  <rows>1</rows>
  <cols>5</cols>
  <dt>d</dt>
  <data>
    1.1075765182895045e-01 2.7719749942902594e-01 2.9738825674979918e+00
    5.9060973505820000e-03 9.5858266276697950e-03</data></mean>
<trainingsets type_id="opencv-matrix">
  <rows>31</rows>
  <cols>5</cols>
  <dt>f</dt>
  <data>
    3.06789637e-01 2.53360415e+00 2.76019835e+00 3.22173536e-02
    4.35175896e-02 1.71337396e-01 2.62181759e+00 2.46823120e+00
    9.48339701e-03 5.69728613e-02 2.04881191e-01 1.11834049e+00
    2.63632083e+00 7.52788782e-03 7.45773315e-03 4.09356356e-02
    3.22246552e-02 2.59096956e+00 4.82690334e-03 4.28843498e-03
    1.29860640e-01 2.77345657e-01 2.80849433e+00 1.43732131e-02
    1.21041536e-02 2.03638136e-01 7.26624012e-01 3.08773780e+00
    7.11041689e-03 9.52291489e-03 1.28091037e-01 4.62803841e-02
    3.04364705e+00 6.14976883e-03 1.31058693e-02 8.40588808e-02
    1.23007774e-01 3.08883572e+00 6.94978237e-03 4.26340103e-03
    1.42939925e-01 8.44182968e-02 3.05783057e+00 3.48299742e-03
    1.04522705e-02 1.12555265e-01 4.39257622e-02 3.02913117e+00
    9.71680880e-03 9.42349434e-03 1.32735670e-01 2.69465446e-02
    3.15059066e+00 2.50500441e-03 3.29542160e-03 5.35695553e-02
    6.09669685e-02 3.20777059e+00 2.79980898e-03 6.38973713e-03
    8.77114534e-02 3.78971100e-02 3.15256786e+00 1.69196725e-03
    4.27556038e-03 7.67582655e-02 1.34026051e-01 2.94749784e+00
    7.18888640e-03 1.67039633e-02 7.61018991e-02 7.08436966e-02
    3.03159547e+00 5.18357754e-03 6.33132458e-03 1.87728167e-01
    3.18179131e-02 2.92041111e+00 5.79017401e-03 4.28116322e-03
    1.31430507e-01 6.81633949e-02 3.05215859e+00 5.43832779e-03
    7.60877132e-03 1.41916752e-01 1.38449669e-01 2.82433176e+00
    6.04015589e-03 1.99321508e-02 1.87177002e-01 3.62048149e-02
    3.01398373e+00 8.56772065e-03 1.31535530e-02 3.05610776e-01
    2.25462914e-02 2.79178500e+00 9.54708457e-03 8.45825672e-03
    1.08293056e-01 1.45030022e-02 3.00162840e+00 1.72978640e-03
    2.49969959e-03 5.08853197e-02 4.13026810e-02 3.01182818e+00
    2.66849995e-03 2.22134590e-03 1.71768665e-02 2.93416977e-02
    3.04623723e+00 1.41245127e-03 2.04432011e-03 3.01531553e-02
    4.39014435e-02 3.09389162e+00 2.12898850e-03 2.92956829e-03
    5.82482815e-02 3.99174690e-02 3.02909756e+00 3.89194489e-03
    8.44955444e-04 3.27346325e-02 3.53193283e-02 3.00395489e+00
    2.19026208e-03 4.52923775e-03 6.48827553e-02 6.41522408e-02
    3.02018595e+00 2.18412280e-03 1.95145607e-03 7.22701550e-02
    4.96478081e-02 3.02792668e+00 4.84055281e-03 1.35034323e-02
    4.57048416e-02 1.73325539e-02 3.09614587e+00 2.55215168e-03
    2.38537788e-03 2.42567062e-02 1.12771988e-02 3.09744310e+00
    7.92175531e-04 1.82664394e-03 2.30536461e-02 1.09758377e-02
    3.09793091e+00 2.10684538e-03 8.85963440e-04</data></trainingsets>
</opencv_storage>
