<?xml version="1.0"?>
<opencv_storage>
<covmat type_id="opencv-matrix">
  <rows>5</rows>
  <cols>5</cols>
  <dt>d</dt>
  <data>
    6.7316083653693581e-01 3.8245930865479627e-01 8.1465548730216775e-02
    1.0252973258315000e-02 2.7479786759066597e-02 3.8245930865479627e-01
    4.8252484529724682e-01 6.2582101334819118e-02 9.4329337644392906e-03
    2.8154741592938497e-02 8.1465548730216775e-02 6.2582101334819118e-02
    3.0330305366356187e-02 1.9354276415557501e-03 5.0560690008700070e-03
    1.0252973258315000e-02 9.4329337644392906e-03 1.9354276415557501e-03
    5.7454006561689702e-04 5.8136387418433180e-04 2.7479786759066597e-02
    2.8154741592938497e-02 5.0560690008700070e-03 5.8136387418433180e-04
    2.0367420346455983e-03</data></covmat>
<mean type_id="opencv-matrix">
  <rows>1</rows>
  <cols>5</cols>
  <dt>d</dt>
  <data>
    1.7209193014329480e-01 2.1147905434331585e-01 4.2703340130467567e-02
    6.0800246654018281e-03 1.3146765770450715e-02</data></mean>
</opencv_storage>
