<?xml version="1.0"?>
<opencv_storage>
<evaluations type_id="opencv-matrix">
  <rows>7</rows>
  <cols>31</cols>
  <dt>f</dt>
  <data>
    1.25056469e+00 5.12502491e-01 7.68299758e-01 4.71274108e-01
    4.33454633e-01 6.92496002e-01 5.04698336e-01 5.19684017e-01
    6.83136702e-01 6.32461607e-01 7.41996050e-01 6.10459864e-01
    6.16435587e-01 9.43799973e-01 4.70205933e-01 4.33270395e-01
    4.28488851e-01 6.43350363e-01 5.16210437e-01 6.19495511e-01
    5.49111962e-01 6.44695282e-01 5.90567410e-01 6.37780011e-01
    6.93629205e-01 8.09654236e-01 5.99181414e-01 5.92601061e-01
    6.67717338e-01 5.50137639e-01 4.78342384e-01 7.55600750e-01
    4.22790229e-01 3.64944279e-01 1.31101191e-01 2.49733016e-01
    1.81596339e-01 1.75621256e-01 7.95173123e-02 3.11141163e-01
    1.73410937e-01 1.69298023e-01 2.10791320e-01 2.01633886e-01
    4.16580439e-01 1.41323730e-01 2.34515563e-01 2.15126693e-01
    1.23296373e-01 1.97565138e-01 1.37018949e-01 1.82930708e-01
    1.27398446e-01 1.54423654e-01 1.39677301e-01 1.60027415e-01
    2.37185031e-01 1.11932293e-01 1.22895420e-01 2.10001856e-01
    1.60785154e-01 2.21313983e-01 2.81091619e+00 3.77399540e+00
    3.18107629e+00 3.57599282e+00 3.71530247e+00 3.39965582e+00
    3.55642486e+00 3.53487110e+00 3.58694625e+00 3.37457895e+00
    3.35268497e+00 3.56130123e+00 3.45908546e+00 3.10793042e+00
    3.58175039e+00 3.65475631e+00 3.62570190e+00 3.45974755e+00
    3.67052698e+00 3.57649899e+00 3.63087749e+00 3.48007202e+00
    3.54194093e+00 3.50357032e+00 3.38973880e+00 3.29710317e+00
    3.46566105e+00 3.52054644e+00 3.47192836e+00 3.60901403e+00
    3.66877460e+00 1.45801842e+00 9.20551777e-01 1.10858595e+00
    1.07953906e+00 1.10368443e+00 1.14979136e+00 1.01822984e+00
    1.12524974e+00 1.08610702e+00 1.08086371e+00 1.29346669e+00
    1.31309235e+00 1.27927411e+00 1.31166017e+00 1.04689598e+00
    9.96684909e-01 9.96671200e-01 1.12692034e+00 1.18294597e+00
    1.23014224e+00 1.23795521e+00 1.27463341e+00 1.26433194e+00
    1.28465998e+00 1.28526723e+00 1.32099521e+00 1.21855080e+00
    1.24438453e+00 1.33505785e+00 1.22940075e+00 1.19940281e+00
    1.65900505e+00 1.34163427e+00 1.33166516e+00 1.08648026e+00
    1.04696250e+00 1.23679113e+00 1.19372499e+00 1.06763339e+00
    1.33255684e+00 1.22461843e+00 1.08770955e+00 8.84670496e-01
    9.24348056e-01 1.34475362e+00 1.12702417e+00 1.17008615e+00
    1.15887988e+00 1.20496917e+00 1.01301801e+00 1.05648422e+00
    9.50533867e-01 9.89799559e-01 9.39161420e-01 9.68236029e-01
    1.02635539e+00 1.14422584e+00 1.00835586e+00 9.71980631e-01
    9.10453796e-01 9.61424589e-01 9.30445731e-01 3.39152145e+00
    4.32289982e+00 3.74322677e+00 4.12993956e+00 4.27568293e+00
    3.96431756e+00 4.09379339e+00 4.08751297e+00 4.14649725e+00
    3.90967774e+00 3.90187836e+00 4.12007952e+00 4.00692177e+00
    3.63527107e+00 4.12304449e+00 4.19764328e+00 4.17086935e+00
    3.99690914e+00 4.22797108e+00 4.13296604e+00 4.17779016e+00
    4.02430105e+00 4.09163237e+00 4.05236959e+00 3.93213677e+00
    3.83469796e+00 4.00581694e+00 4.06697655e+00 4.01881886e+00
    4.15708685e+00 4.21639347e+00 1. 1. 1. 1. 1. 1. 1. 1. 1. 1. 1. 1. 1.
    1. 1. 1. 1. 1. 1. 1. 1. 1. 1. 1. 1. 1. 1. 1. 1. 1. 1.</data></evaluations>
</opencv_storage>
