<?xml version="1.0"?>
<opencv_storage>
<evaluations type_id="opencv-matrix">
  <rows>5</rows>
  <cols>31</cols>
  <dt>f</dt>
  <data>
    9.26880598e-01 8.97186756e-01 1.34930408e+00 1.24981308e+00
    2.70883799e+00 3.43088794e+00 1.55807483e+00 1.34458017e+00
    1.59002161e+00 4.16441774e+00 3.93026590e+00 2.74438834e+00
    1.65539277e+00 1.08999026e+00 1.16472232e+00 1.80998766e+00
    1.50489366e+00 2.97705626e+00 3.60567451e+00 3.89857912e+00
    2.59174252e+00 4.65270138e+00 9.42305684e-01 9.05336857e-01
    9.13677454e-01 9.83817935e-01 1.60416603e+00 1.67082191e+00
    1.14443994e+00 2.27095866e+00 9.51388657e-01 8.77329826e-01
    6.91773295e-01 6.47916317e-01 4.55067635e-01 2.06379604e+00
    2.96063995e+00 7.73371994e-01 7.16044366e-01 1.12805104e+00
    3.53455472e+00 3.45807338e+00 2.24699998e+00 1.37140870e+00
    1.03874588e+00 7.20977008e-01 1.45504773e+00 8.12258720e-01
    2.42388391e+00 2.99127316e+00 3.40075397e+00 1.94047070e+00
    4.08020163e+00 6.65298581e-01 6.50014281e-01 7.14740038e-01
    4.95008200e-01 9.52688992e-01 1.17814708e+00 1.08223712e+00
    1.82061553e+00 8.98084223e-01 2.55981827e+00 2.12720942e+00
    2.05062151e+00 2.10279822e+00 8.03986609e-01 7.13123858e-01
    2.04554772e+00 1.88993227e+00 1.47771549e+00 1.46957409e+00
    1.15616810e+00 8.79702032e-01 1.33534741e+00 2.22600031e+00
    1.76039135e+00 1.37089503e+00 2.25728917e+00 1.36851907e+00
    2.22668409e+00 1.45716238e+00 7.46311963e-01 1.85242629e+00
    2.33944821e+00 2.43991113e+00 2.20660257e+00 2.10748529e+00
    1.86161745e+00 1.39013135e+00 2.31189537e+00 1.59003735e+00
    2.48232126e+00 1.40397441e+00 1.06903183e+00 8.75046968e-01
    9.85226274e-01 9.83205795e-01 1.82147801e+00 9.33510840e-01
    7.23662913e-01 5.23225963e-01 2.39467669e+00 2.31054282e+00
    1.20784521e+00 6.16111517e-01 1.15156317e+00 6.88323617e-01
    5.35530746e-01 1.09751928e+00 1.60914290e+00 2.31873703e+00
    2.26511574e+00 8.40752840e-01 2.94244242e+00 1.16541266e+00
    1.26596725e+00 1.08007920e+00 9.56675470e-01 6.96754396e-01
    2.65333503e-01 1.21156681e+00 1.12778914e+00 1.33628285e+00 1. 1. 1.
    1. 2. 2. 1. 1. 3. 2. 2. 2. 3. 1. 3. 3. 1. 2. 2. 2. 2. 2. 1. 1. 1. 1.
    3. 3. 1. 3. 1.</data></evaluations>
</opencv_storage>
