<?xml version="1.0"?>
<opencv_storage>
<covmat type_id="opencv-matrix">
  <rows>5</rows>
  <cols>5</cols>
  <dt>d</dt>
  <data>
    1.8723174889406035e+01 8.9017708489651781e+00 6.2531903553035084e+00
    2.8369992963466223e+02 3.3992015676866521e+02 8.9017708489651781e+00
    9.9464884547958494e+00 7.0679696222689055e+00 3.2730958447632293e+02
    2.0485847903275754e+02 6.2531903553035084e+00 7.0679696222689055e+00
    1.1704272422237075e+01 2.3865109817541378e+02 2.2289145923650872e+02
    2.8369992963466223e+02 3.2730958447632293e+02 2.3865109817541378e+02
    2.4147048370706369e+04 1.2580076689093719e+04 3.3992015676866521e+02
    2.0485847903275754e+02 2.2289145923650872e+02 1.2580076689093719e+04
    1.4498306156770162e+04</data></covmat>
<mean type_id="opencv-matrix">
  <rows>1</rows>
  <cols>5</cols>
  <dt>d</dt>
  <data>
    1.6920139481944423e+00 1.8920769614558066e+00 1.4766928092125924e+00
    1.3437326443579889e+02 6.6472298899004528e+01</data></mean>
</opencv_storage>
