<?xml version="1.0"?>
<opencv_storage>
<evaluations type_id="opencv-matrix">
  <rows>7</rows>
  <cols>31</cols>
  <dt>f</dt>
  <data>
    1.71468210e+00 1.44348991e+00 1.51172853e+00 1.38218009e+00
    1.23951602e+00 9.00372386e-01 1.23992181e+00 1.16407573e+00
    1.31637514e+00 1.13373756e+00 1.10827994e+00 7.88849235e-01
    3.89926046e-01 8.44235122e-01 1.63424838e+00 1.75891376e+00
    1.43226254e+00 1.54970944e+00 1.36168921e+00 9.99218941e-01
    1.05010343e+00 1.16984177e+00 8.39594662e-01 7.33010411e-01
    7.54159987e-01 7.06108093e-01 8.04726541e-01 3.68616074e-01
    1.33032298e+00 9.95340347e-01 1.00062561e+00 8.34062278e-01
    5.15536785e-01 4.56839561e-01 3.11445445e-01 2.14002103e-01
    2.84151614e-01 2.69989550e-01 1.80203572e-01 3.16458136e-01
    1.83590323e-01 2.67342180e-01 4.42215979e-01 7.79599607e-01
    3.16786736e-01 6.02698147e-01 7.17673004e-01 3.52648050e-01
    4.74165827e-01 2.85765707e-01 1.06890857e-01 7.65033364e-02
    1.86163709e-01 3.00875843e-01 3.59752387e-01 5.37151515e-01
    5.28374970e-01 6.14308834e-01 7.41805494e-01 4.19830501e-01
    3.23061645e-01 4.85181868e-01 2.41402817e+00 2.62458515e+00
    2.56793976e+00 2.69239473e+00 2.85349560e+00 3.19218135e+00
    2.89540815e+00 2.87800074e+00 2.71509671e+00 2.94113660e+00
    3.01848316e+00 3.32653809e+00 3.66774988e+00 3.15016317e+00
    2.40229416e+00 2.30519676e+00 2.63293576e+00 2.55275249e+00
    2.72849393e+00 3.02941084e+00 2.98795557e+00 2.92028928e+00
    3.21306515e+00 3.26387787e+00 3.36912060e+00 3.38542938e+00
    3.40620518e+00 3.63559604e+00 2.85889626e+00 3.07614017e+00
    3.13557935e+00 1.98232317e+00 1.82035959e+00 1.89020205e+00
    1.74611998e+00 1.67363191e+00 1.42213452e+00 1.67364836e+00
    1.59749115e+00 1.65637851e+00 1.60331059e+00 1.63041949e+00
    1.39729321e+00 1.13126683e+00 1.31404006e+00 1.90349936e+00
    2.02049971e+00 1.77750230e+00 1.91196215e+00 1.71058369e+00
    1.38896954e+00 1.41206574e+00 1.50616300e+00 1.23661816e+00
    1.15959418e+00 1.14381826e+00 1.01995122e+00 1.09708822e+00
    1.03731823e+00 1.57224584e+00 1.25482917e+00 1.15678775e+00
    1.84416115e+00 1.52907121e+00 1.59292269e+00 1.54737377e+00
    1.37286711e+00 1.14734614e+00 1.40187562e+00 1.33166683e+00
    1.53021979e+00 1.27049971e+00 1.18602169e+00 9.93480206e-01
    8.90357852e-01 1.17912972e+00 1.81820536e+00 1.91436946e+00
    1.60517085e+00 1.65069294e+00 1.57355738e+00 1.35632801e+00
    1.40610647e+00 1.50490856e+00 1.31621540e+00 1.24868047e+00
    1.33546269e+00 1.39162326e+00 1.45923090e+00 1.01952517e+00
    1.72044992e+00 1.52644527e+00 1.64013839e+00 3.66797686e+00
    3.98404455e+00 3.99640250e+00 4.11560965e+00 4.27965593e+00
    4.65742397e+00 4.40976238e+00 4.30762100e+00 4.10604048e+00
    4.37675905e+00 4.48324776e+00 4.79639339e+00 5.09991932e+00
    4.56711578e+00 3.80659819e+00 3.69075847e+00 4.07973480e+00
    3.99665284e+00 4.19881582e+00 4.49841785e+00 4.42689657e+00
    4.39872360e+00 4.67806244e+00 4.71302271e+00 4.90227318e+00
    4.84758186e+00 4.92610884e+00 5.08854055e+00 4.34965277e+00
    4.57037735e+00 4.63559723e+00 1. 1. 1. 1. 1. 1. 1. 1. 1. 1. 1. 1. 0.
    1. 1. 1. 1. 1. 1. 1. 1. 1. 1. 1. 1. 1. 1. 0. 1. 1. 1.</data></evaluations>
</opencv_storage>
