<?xml version="1.0"?>
<opencv_storage>
<evaluations type_id="opencv-matrix">
  <rows>5</rows>
  <cols>31</cols>
  <dt>f</dt>
  <data>
    3.14955950e+00 4.37013006e+00 1.80435538e+00 5.11581087e+00
    1.49388015e+00 2.07293868e+00 1.86724806e+00 3.19105077e+00
    4.30539370e+00 2.06614232e+00 3.07698131e+00 3.67342257e+00
    3.37315750e+00 4.50977945e+00 1.15029621e+00 3.07376361e+00
    4.67770147e+00 1.24960673e+00 1.01115024e+00 1.03343308e+00
    4.35779142e+00 3.69943190e+00 2.49699044e+00 2.13911343e+00
    3.35912490e+00 3.08335376e+00 3.49364257e+00 2.39865112e+00
    3.88655925e+00 2.69124174e+00 1.87297046e+00 2.16324997e+00
    3.28254676e+00 9.66459990e-01 4.22210121e+00 8.50809336e-01
    1.15295160e+00 1.12276590e+00 2.23404479e+00 3.30003929e+00
    1.08048737e+00 1.99660873e+00 2.66324568e+00 2.50110078e+00
    3.42921495e+00 1.02347529e+00 2.17751002e+00 3.65525031e+00
    6.28943205e-01 8.81930292e-01 7.66832948e-01 3.45791864e+00
    2.60052729e+00 1.52113700e+00 1.16673982e+00 2.27096391e+00
    2.29076123e+00 2.41025329e+00 1.42718172e+00 2.91468501e+00
    1.93824434e+00 1.17608595e+00 1.80693471e+00 5.73750317e-01
    2.77864623e+00 1.58328867e+00 3.07128334e+00 2.50485611e+00
    2.65740108e+00 1.26810277e+00 1.24584949e+00 2.35589290e+00
    1.86696124e+00 1.94331825e+00 1.90841126e+00 6.58205628e-01
    3.67929602e+00 1.42696416e+00 6.29282773e-01 3.20289660e+00
    3.60388064e+00 3.46066308e+00 1.18286180e+00 1.86155856e+00
    1.78250599e+00 2.18963623e+00 1.16462934e+00 1.71875739e+00
    1.03339446e+00 2.60483265e+00 8.25001895e-01 2.32515764e+00
    2.61865020e+00 9.84759867e-01 1.70328200e+00 1.23921704e+00
    2.60511994e+00 1.50534821e+00 9.49467301e-01 1.07258654e+00
    5.78009963e-01 1.70079541e+00 7.76427329e-01 9.55634654e-01
    1.38631475e+00 1.17499709e+00 1.80413878e+00 2.11203814e+00
    7.60436416e-01 2.01821184e+00 1.67041659e+00 2.05437851e+00
    1.90270782e+00 1.83941948e+00 1.55802965e+00 4.41104144e-01
    6.38830960e-01 7.49095678e-01 1.26580203e+00 8.46896946e-01
    1.26371372e+00 1.22740793e+00 9.90422964e-01 1.16610754e+00 3. 2. 1.
    2. 1. 3. 3. 3. 2. 3. 3. 3. 3. 2. 1. 3. 2. 1. 1. 1. 2. 3. 3. 3. 3. 3.
    3. 3. 2. 3. 3.</data></evaluations>
</opencv_storage>
