<?xml version="1.0"?>
<opencv_storage>
<covmat type_id="opencv-matrix">
  <rows>5</rows>
  <cols>5</cols>
  <dt>d</dt>
  <data>
    4.0127419818726795e-01 9.5593321989315871e-01 5.6416231369512682e-01
    1.4532857771262458e+01 1.5242441207439668e+01 9.5593321989315871e-01
    3.4788612521338802e+00 1.7338619869906671e+00 2.3057906583637994e+01
    3.0305982706926500e+01 5.6416231369512682e-01 1.7338619869906671e+00
    2.5211500304107175e+00 1.4619748322359216e+01 2.0499027361117477e+01
    1.4532857771262458e+01 2.3057906583637994e+01 1.4619748322359216e+01
    3.6588629684834082e+03 1.9202286970416149e+03 1.5242441207439668e+01
    3.0305982706926500e+01 2.0499027361117477e+01 1.9202286970416149e+03
    1.3465635210892460e+03</data></covmat>
<mean type_id="opencv-matrix">
  <rows>1</rows>
  <cols>5</cols>
  <dt>d</dt>
  <data>
    1.6446213183864469e-01 6.8312213305504088e-01 1.0189831429912197e+00
    1.3278817699801538e+01 1.2985340487572454e+01</data></mean>
</opencv_storage>
