<?xml version="1.0"?>
<opencv_storage>
<covmat type_id="opencv-matrix">
  <rows>5</rows>
  <cols>5</cols>
  <dt>d</dt>
  <data>
    3.1880272279160238e-01 4.3485434267018164e-01 1.8779670607167276e-01
    9.5079693914703967e-01 3.9043446768087056e+00 4.3485434267018164e-01
    7.8166706917652629e-01 3.4763392986419278e-01 3.4121913552326379e+00
    8.3515335467705558e+00 1.8779670607167276e-01 3.4763392986419278e-01
    2.3997702156219522e-01 2.2209361929372173e+00 3.9465782109428473e+00
    9.5079693914703967e-01 3.4121913552326379e+00 2.2209361929372173e+00
    7.0135075101846709e+01 7.5188191590509618e+01 3.9043446768087056e+00
    8.3515335467705558e+00 3.9465782109428473e+00 7.5188191590509618e+01
    1.6155943503737029e+02</data></covmat>
<mean type_id="opencv-matrix">
  <rows>1</rows>
  <cols>5</cols>
  <dt>d</dt>
  <data>
    1.0293871164321899e-01 1.9480473572208035e-01 9.4618208946720239e-02
    2.2448309621503277e+00 2.4939343852381550e+00</data></mean>
</opencv_storage>
