0,0.61254,0.14078,0.012139,0.00039274,4.7674e-06,2.1714e-08,3.7106e-11,2.3791e-14,5.7233e-18,5.1658e-22,1.7494e-26,2.2229e-31,1.0598e-36,1.8956e-42,1.2722e-48,3.2036e-55,3.0268e-62,1.0729e-69,1.4271e-77,7.1214e-86,1.3334e-94,9.3671e-104,2.469e-113,2.4417e-123,9.0602e-134,1.2614e-144,6.5888e-156,1.2913e-167,9.4956e-180,2.6198e-192,2.712e-205,1.0533e-218,1.535e-232,8.393e-247,1.7218e-261,1.3253e-276,3.8275e-292,4.1473e-308,0,0,0,0,0,0,0,0,0,0,0,0,0,0,0,0,0,0,0,0,0,0,0,4.1473e-308,3.8275e-292,1.3253e-276,1.7218e-261,8.393e-247,1.535e-232,1.0533e-218,2.712e-205,2.6198e-192,9.4956e-180,1.2913e-167,6.5888e-156,1.2614e-144,9.0602e-134,2.4417e-123,2.469e-113,9.3671e-104,1.3334e-94,7.1214e-86,1.4271e-77,1.0729e-69,3.0268e-62,3.2036e-55,1.2722e-48,1.8956e-42,1.0598e-36,2.2229e-31,1.7494e-26,5.1658e-22,5.7233e-18,2.3791e-14,3.7106e-11,2.1714e-08,4.7674e-06,0.00039274,0.012139,0.14078,0.61254
0.61254,0.3752,0.08623,0.0074356,0.00024057,2.9202e-06,1.33e-08,2.2729e-11,1.4573e-14,3.5057e-18,3.1643e-22,1.0716e-26,1.3616e-31,6.4914e-37,1.1612e-42,7.7929e-49,1.9623e-55,1.854e-62,6.5722e-70,8.7412e-78,4.3621e-86,8.1675e-95,5.7377e-104,1.5123e-113,1.4956e-123,5.5497e-134,7.7263e-145,4.0358e-156,7.9098e-168,5.8164e-180,1.6047e-192,1.6612e-205,6.4521e-219,9.4025e-233,5.141e-247,1.0547e-261,8.118e-277,2.3445e-292,2.5404e-308,0,0,0,0,0,0,0,0,0,0,0,0,0,0,0,0,0,0,0,0,0,0,0,2.5404e-308,2.3445e-292,8.118e-277,1.0547e-261,5.141e-247,9.4025e-233,6.4521e-219,1.6612e-205,1.6047e-192,5.8164e-180,7.9098e-168,4.0358e-156,7.7263e-145,5.5497e-134,1.4956e-123,1.5123e-113,5.7377e-104,8.1675e-95,4.3621e-86,8.7412e-78,6.5722e-70,1.854e-62,1.9623e-55,7.7929e-49,1.1612e-42,6.4914e-37,1.3616e-31,1.0716e-26,3.1643e-22,3.5057e-18,1.4573e-14,2.2729e-11,1.33e-08,2.9202e-06,0.00024057,0.0074356,0.08623,0.3752
0.14078,0.08623,0.019818,0.0017089,5.5288e-05,6.7114e-07,3.0567e-09,5.2235e-12,3.3492e-15,8.0569e-19,7.2722e-23,2.4628e-27,3.1293e-32,1.4919e-37,2.6686e-43,1.791e-49,4.5099e-56,4.2609e-63,1.5104e-70,2.0089e-78,1.0025e-86,1.8771e-95,1.3187e-104,3.4757e-114,3.4373e-124,1.2754e-134,1.7757e-145,9.2753e-157,1.8178e-168,1.3367e-180,3.6881e-193,3.8178e-206,1.4829e-219,2.1609e-233,1.1815e-247,2.4239e-262,1.8657e-277,5.3881e-293,5.8384e-309,0,0,0,0,0,0,0,0,0,0,0,0,0,0,0,0,0,0,0,0,0,0,0,5.8384e-309,5.3881e-293,1.8657e-277,2.4239e-262,1.1815e-247,2.1609e-233,1.4829e-219,3.8178e-206,3.6881e-193,1.3367e-180,1.8178e-168,9.2753e-157,1.7757e-145,1.2754e-134,3.4373e-124,3.4757e-114,1.3187e-104,1.8771e-95,1.0025e-86,2.0089e-78,1.5104e-70,4.2609e-63,4.5099e-56,1.791e-49,2.6686e-43,1.4919e-37,3.1293e-32,2.4628e-27,7.2722e-23,8.0569e-19,3.3492e-15,5.2235e-12,3.0567e-09,6.7114e-07,5.5288e-05,0.0017089,0.019818,0.08623
0.012139,0.0074356,0.0017089,0.00014736,4.7674e-06,5.7872e-08,2.6358e-10,4.5042e-13,2.888e-16,6.9475e-20,6.2708e-24,2.1237e-28,2.6984e-33,1.2864e-38,2.3011e-44,1.5444e-50,3.8889e-57,3.6742e-64,1.3025e-71,1.7323e-79,8.6447e-88,1.6186e-96,1.1371e-105,2.9971e-115,2.964e-125,1.0998e-135,1.5312e-146,7.9981e-158,1.5675e-169,1.1527e-181,3.1802e-194,3.2921e-207,1.2787e-220,1.8634e-234,1.0188e-248,2.0901e-263,1.6088e-278,4.6462e-294,5.0344e-310,0,0,0,0,0,0,0,0,0,0,0,0,0,0,0,0,0,0,0,0,0,0,0,5.0344e-310,4.6462e-294,1.6088e-278,2.0901e-263,1.0188e-248,1.8634e-234,1.2787e-220,3.2921e-207,3.1802e-194,1.1527e-181,1.5675e-169,7.9981e-158,1.5312e-146,1.0998e-135,2.964e-125,2.9971e-115,1.1371e-105,1.6186e-96,8.6447e-88,1.7323e-79,1.3025e-71,3.6742e-64,3.8889e-57,1.5444e-50,2.3011e-44,1.2864e-38,2.6984e-33,2.1237e-28,6.2708e-24,6.9475e-20,2.888e-16,4.5042e-13,2.6358e-10,5.7872e-08,4.7674e-06,0.00014736,0.0017089,0.0074356
0.00039274,0.00024057,5.5288e-05,4.7674e-06,1.5424e-07,1.8724e-09,8.5277e-12,1.4573e-14,9.3436e-18,2.2477e-21,2.0288e-25,6.8708e-30,8.7303e-35,4.1621e-40,7.4449e-46,4.9966e-52,1.2582e-58,1.1887e-65,4.2139e-73,5.6046e-81,2.7969e-89,5.2367e-98,3.6788e-107,9.6967e-117,9.5896e-127,3.5583e-137,4.9538e-148,2.5877e-159,5.0715e-171,3.7293e-183,1.0289e-195,1.0651e-208,4.1369e-222,6.0286e-236,3.2963e-250,6.7622e-265,5.205e-280,1.5032e-295,1.6288e-311,0,0,0,0,0,0,0,0,0,0,0,0,0,0,0,0,0,0,0,0,0,0,0,1.6288e-311,1.5032e-295,5.205e-280,6.7622e-265,3.2963e-250,6.0286e-236,4.1369e-222,1.0651e-208,1.0289e-195,3.7293e-183,5.0715e-171,2.5877e-159,4.9538e-148,3.5583e-137,9.5896e-127,9.6967e-117,3.6788e-107,5.2367e-98,2.7969e-89,5.6046e-81,4.2139e-73,1.1887e-65,1.2582e-58,4.9966e-52,7.4449e-46,4.1621e-40,8.7303e-35,6.8708e-30,2.0288e-25,2.2477e-21,9.3436e-18,1.4573e-14,8.5277e-12,1.8724e-09,1.5424e-07,4.7674e-06,5.5288e-05,0.00024057
4.7674e-06,2.9202e-06,6.7114e-07,5.7872e-08,1.8724e-09,2.2729e-11,1.0352e-13,1.769e-16,1.1342e-19,2.7285e-23,2.4628e-27,8.3404e-32,1.0598e-36,5.0524e-42,9.0374e-48,6.0653e-54,1.5273e-60,1.443e-67,5.1152e-75,6.8034e-83,3.3951e-91,6.3568e-100,4.4657e-109,1.1771e-118,1.1641e-128,4.3194e-139,6.0135e-150,3.1412e-161,6.1563e-173,4.527e-185,1.249e-197,1.2929e-210,5.0218e-224,7.3181e-238,4.0013e-252,8.2087e-267,6.3183e-282,1.8247e-297,1.9772e-313,0,0,0,0,0,0,0,0,0,0,0,0,0,0,0,0,0,0,0,0,0,0,0,1.9772e-313,1.8247e-297,6.3183e-282,8.2087e-267,4.0013e-252,7.3181e-238,5.0218e-224,1.2929e-210,1.249e-197,4.527e-185,6.1563e-173,3.1412e-161,6.0135e-150,4.3194e-139,1.1641e-128,1.1771e-118,4.4657e-109,6.3568e-100,3.3951e-91,6.8034e-83,5.1152e-75,1.443e-67,1.5273e-60,6.0653e-54,9.0374e-48,5.0524e-42,1.0598e-36,8.3404e-32,2.4628e-27,2.7285e-23,1.1342e-19,1.769e-16,1.0352e-13,2.2729e-11,1.8724e-09,5.7872e-08,6.7114e-07,2.9202e-06
2.1714e-08,1.33e-08,3.0567e-09,2.6358e-10,8.5277e-12,1.0352e-13,4.7148e-16,8.0569e-19,5.1658e-22,1.2427e-25,1.1217e-29,3.7987e-34,4.8268e-39,2.3011e-44,4.1161e-50,2.7625e-56,6.9562e-63,6.5722e-70,2.3298e-77,3.0987e-85,1.5463e-93,2.8953e-102,2.0339e-111,5.3611e-121,5.3019e-131,1.9673e-141,2.7389e-152,1.4307e-163,2.8039e-175,2.0618e-187,5.6886e-200,5.8888e-213,2.2872e-226,3.3331e-240,1.8224e-254,3.7387e-269,2.8777e-284,8.3108e-300,9.0053e-316,0,0,0,0,0,0,0,0,0,0,0,0,0,0,0,0,0,0,0,0,0,0,0,9.0053e-316,8.3108e-300,2.8777e-284,3.7387e-269,1.8224e-254,3.3331e-240,2.2872e-226,5.8888e-213,5.6886e-200,2.0618e-187,2.8039e-175,1.4307e-163,2.7389e-152,1.9673e-141,5.3019e-131,5.3611e-121,2.0339e-111,2.8953e-102,1.5463e-93,3.0987e-85,2.3298e-77,6.5722e-70,6.9562e-63,2.7625e-56,4.1161e-50,2.3011e-44,4.8268e-39,3.7987e-34,1.1217e-29,1.2427e-25,5.1658e-22,8.0569e-19,4.7148e-16,1.0352e-13,8.5277e-12,2.6358e-10,3.0567e-09,1.33e-08
3.7106e-11,2.2729e-11,5.2235e-12,4.5042e-13,1.4573e-14,1.769e-16,8.0569e-19,1.3768e-21,8.8278e-25,2.1237e-28,1.9168e-32,6.4914e-37,8.2483e-42,3.9323e-47,7.0339e-53,4.7207e-59,1.1887e-65,1.1231e-72,3.9812e-80,5.2952e-88,2.6424e-96,4.9476e-105,3.4757e-114,9.1613e-124,9.0602e-134,3.3618e-144,4.6803e-155,2.4448e-166,4.7915e-178,3.5234e-190,9.7211e-203,1.0063e-215,3.9085e-229,5.6958e-243,3.1143e-257,6.3889e-272,4.9176e-287,1.4202e-302,1.5389e-318,0,0,0,0,0,0,0,0,0,0,0,0,0,0,0,0,0,0,0,0,0,0,0,1.5389e-318,1.4202e-302,4.9176e-287,6.3889e-272,3.1143e-257,5.6958e-243,3.9085e-229,1.0063e-215,9.7211e-203,3.5234e-190,4.7915e-178,2.4448e-166,4.6803e-155,3.3618e-144,9.0602e-134,9.1613e-124,3.4757e-114,4.9476e-105,2.6424e-96,5.2952e-88,3.9812e-80,1.1231e-72,1.1887e-65,4.7207e-59,7.0339e-53,3.9323e-47,8.2483e-42,6.4914e-37,1.9168e-32,2.1237e-28,8.8278e-25,1.3768e-21,8.0569e-19,1.769e-16,1.4573e-14,4.5042e-13,5.2235e-12,2.2729e-11
2.3791e-14,1.4573e-14,3.3492e-15,2.888e-16,9.3436e-18,1.1342e-19,5.1658e-22,8.8278e-25,5.6601e-28,1.3616e-31,1.229e-35,4.1621e-40,5.2885e-45,2.5213e-50,4.5099e-56,3.0268e-62,7.6217e-69,7.201e-76,2.5526e-83,3.3951e-91,1.6943e-99,3.1722e-108,2.2285e-117,5.874e-127,5.8091e-137,2.1555e-147,3.0009e-158,1.5675e-169,3.0721e-181,2.2591e-193,6.2328e-206,6.4521e-219,2.506e-232,3.6519e-246,1.9968e-260,4.0964e-275,3.153e-290,9.1059e-306,9.8813e-322,0,0,0,0,0,0,0,0,0,0,0,0,0,0,0,0,0,0,0,0,0,0,0,9.8813e-322,9.1059e-306,3.153e-290,4.0964e-275,1.9968e-260,3.6519e-246,2.506e-232,6.4521e-219,6.2328e-206,2.2591e-193,3.0721e-181,1.5675e-169,3.0009e-158,2.1555e-147,5.8091e-137,5.874e-127,2.2285e-117,3.1722e-108,1.6943e-99,3.3951e-91,2.5526e-83,7.201e-76,7.6217e-69,3.0268e-62,4.5099e-56,2.5213e-50,5.2885e-45,4.1621e-40,1.229e-35,1.3616e-31,5.6601e-28,8.8278e-25,5.1658e-22,1.1342e-19,9.3436e-18,2.888e-16,3.3492e-15,1.4573e-14
5.7233e-18,3.5057e-18,8.0569e-19,6.9475e-20,2.2477e-21,2.7285e-23,1.2427e-25,2.1237e-28,1.3616e-31,3.2756e-35,2.9566e-39,1.0013e-43,1.2722e-48,6.0653e-54,1.0849e-59,7.2814e-66,1.8335e-72,1.7323e-79,6.1408e-87,8.1675e-95,4.0758e-103,7.6313e-112,5.3611e-121,1.4131e-130,1.3975e-140,5.1854e-151,7.2191e-162,3.7709e-173,7.3905e-185,5.4346e-197,1.4994e-209,1.5522e-222,6.0286e-236,8.7853e-250,4.8036e-264,9.8544e-279,7.5851e-294,2.1906e-309,0,0,0,0,0,0,0,0,0,0,0,0,0,0,0,0,0,0,0,0,0,0,0,0,0,2.1906e-309,7.5851e-294,9.8544e-279,4.8036e-264,8.7853e-250,6.0286e-236,1.5522e-222,1.4994e-209,5.4346e-197,7.3905e-185,3.7709e-173,7.2191e-162,5.1854e-151,1.3975e-140,1.4131e-130,5.3611e-121,7.6313e-112,4.0758e-103,8.1675e-95,6.1408e-87,1.7323e-79,1.8335e-72,7.2814e-66,1.0849e-59,6.0653e-54,1.2722e-48,1.0013e-43,2.9566e-39,3.2756e-35,1.3616e-31,2.1237e-28,1.2427e-25,2.7285e-23,2.2477e-21,6.9475e-20,8.0569e-19,3.5057e-18
5.1658e-22,3.1643e-22,7.2722e-23,6.2708e-24,2.0288e-25,2.4628e-27,1.1217e-29,1.9168e-32,1.229e-35,2.9566e-39,2.6686e-43,9.0374e-48,1.1483e-52,5.4746e-58,9.7926e-64,6.5722e-70,1.6549e-76,1.5636e-83,5.5427e-91,7.372e-99,3.6788e-107,6.8881e-116,4.8389e-125,1.2754e-134,1.2614e-144,4.6803e-155,6.516e-166,3.4037e-177,6.6707e-189,4.9053e-201,1.3534e-213,1.401e-226,5.4414e-240,7.9297e-254,4.3357e-268,8.8946e-283,6.8463e-298,1.9772e-313,0,0,0,0,0,0,0,0,0,0,0,0,0,0,0,0,0,0,0,0,0,0,0,0,0,1.9772e-313,6.8463e-298,8.8946e-283,4.3357e-268,7.9297e-254,5.4414e-240,1.401e-226,1.3534e-213,4.9053e-201,6.6707e-189,3.4037e-177,6.516e-166,4.6803e-155,1.2614e-144,1.2754e-134,4.8389e-125,6.8881e-116,3.6788e-107,7.372e-99,5.5427e-91,1.5636e-83,1.6549e-76,6.5722e-70,9.7926e-64,5.4746e-58,1.1483e-52,9.0374e-48,2.6686e-43,2.9566e-39,1.229e-35,1.9168e-32,1.1217e-29,2.4628e-27,2.0288e-25,6.2708e-24,7.2722e-23,3.1643e-22
1.7494e-26,1.0716e-26,2.4628e-27,2.1237e-28,6.8708e-30,8.3404e-32,3.7987e-34,6.4914e-37,4.1621e-40,1.0013e-43,9.0374e-48,3.0606e-52,3.8889e-57,1.854e-62,3.3163e-68,2.2257e-74,5.6046e-81,5.2952e-88,1.8771e-95,2.4966e-103,1.2459e-111,2.3327e-120,1.6387e-129,4.3194e-139,4.2717e-149,1.585e-159,2.2067e-170,1.1527e-181,2.2591e-193,1.6612e-205,4.5833e-218,4.7445e-231,1.8428e-244,2.6854e-258,1.4683e-272,3.0122e-287,2.3186e-302,6.6959e-318,0,0,0,0,0,0,0,0,0,0,0,0,0,0,0,0,0,0,0,0,0,0,0,0,0,6.6959e-318,2.3186e-302,3.0122e-287,1.4683e-272,2.6854e-258,1.8428e-244,4.7445e-231,4.5833e-218,1.6612e-205,2.2591e-193,1.1527e-181,2.2067e-170,1.585e-159,4.2717e-149,4.3194e-139,1.6387e-129,2.3327e-120,1.2459e-111,2.4966e-103,1.8771e-95,5.2952e-88,5.6046e-81,2.2257e-74,3.3163e-68,1.854e-62,3.8889e-57,3.0606e-52,9.0374e-48,1.0013e-43,4.1621e-40,6.4914e-37,3.7987e-34,8.3404e-32,6.8708e-30,2.1237e-28,2.4628e-27,1.0716e-26
2.2229e-31,1.3616e-31,3.1293e-32,2.6984e-33,8.7303e-35,1.0598e-36,4.8268e-39,8.2483e-42,5.2885e-45,1.2722e-48,1.1483e-52,3.8889e-57,4.9414e-62,2.3558e-67,4.2139e-73,2.8281e-79,7.1214e-86,6.7283e-93,2.3851e-100,3.1722e-108,1.583e-116,2.964e-125,2.0822e-134,5.4884e-144,5.4278e-154,2.014e-164,2.8039e-175,1.4646e-186,2.8705e-198,2.1108e-210,5.8237e-223,6.0286e-236,2.3415e-249,3.4122e-263,1.8657e-277,3.8275e-292,2.9461e-307,8.3991e-323,0,0,0,0,0,0,0,0,0,0,0,0,0,0,0,0,0,0,0,0,0,0,0,0,0,8.3991e-323,2.9461e-307,3.8275e-292,1.8657e-277,3.4122e-263,2.3415e-249,6.0286e-236,5.8237e-223,2.1108e-210,2.8705e-198,1.4646e-186,2.8039e-175,2.014e-164,5.4278e-154,5.4884e-144,2.0822e-134,2.964e-125,1.583e-116,3.1722e-108,2.3851e-100,6.7283e-93,7.1214e-86,2.8281e-79,4.2139e-73,2.3558e-67,4.9414e-62,3.8889e-57,1.1483e-52,1.2722e-48,5.2885e-45,8.2483e-42,4.8268e-39,1.0598e-36,8.7303e-35,2.6984e-33,3.1293e-32,1.3616e-31
1.0598e-36,6.4914e-37,1.4919e-37,1.2864e-38,4.1621e-40,5.0524e-42,2.3011e-44,3.9323e-47,2.5213e-50,6.0653e-54,5.4746e-58,1.854e-62,2.3558e-67,1.1231e-72,2.0089e-78,1.3483e-84,3.3951e-91,3.2077e-98,1.1371e-105,1.5123e-113,7.547e-122,1.4131e-130,9.9269e-140,2.6166e-149,2.5877e-159,9.6016e-170,1.3367e-180,6.9825e-192,1.3685e-203,1.0063e-215,2.7764e-228,2.8741e-241,1.1163e-254,1.6268e-268,8.8946e-283,1.8247e-297,1.4045e-312,0,0,0,0,0,0,0,0,0,0,0,0,0,0,0,0,0,0,0,0,0,0,0,0,0,0,0,1.4045e-312,1.8247e-297,8.8946e-283,1.6268e-268,1.1163e-254,2.8741e-241,2.7764e-228,1.0063e-215,1.3685e-203,6.9825e-192,1.3367e-180,9.6016e-170,2.5877e-159,2.6166e-149,9.9269e-140,1.4131e-130,7.547e-122,1.5123e-113,1.1371e-105,3.2077e-98,3.3951e-91,1.3483e-84,2.0089e-78,1.1231e-72,2.3558e-67,1.854e-62,5.4746e-58,6.0653e-54,2.5213e-50,3.9323e-47,2.3011e-44,5.0524e-42,4.1621e-40,1.2864e-38,1.4919e-37,6.4914e-37
1.8956e-42,1.1612e-42,2.6686e-43,2.3011e-44,7.4449e-46,9.0374e-48,4.1161e-50,7.0339e-53,4.5099e-56,1.0849e-59,9.7926e-64,3.3163e-68,4.2139e-73,2.0089e-78,3.5935e-84,2.4117e-90,6.073e-97,5.7377e-104,2.0339e-111,2.7052e-119,1.35e-127,2.5276e-136,1.7757e-145,4.6803e-155,4.6287e-165,1.7175e-175,2.3911e-186,1.249e-197,2.4479e-209,1.8e-221,4.9663e-234,5.141e-247,1.9968e-260,2.9099e-274,1.591e-288,3.264e-303,2.5123e-318,0,0,0,0,0,0,0,0,0,0,0,0,0,0,0,0,0,0,0,0,0,0,0,0,0,0,0,2.5123e-318,3.264e-303,1.591e-288,2.9099e-274,1.9968e-260,5.141e-247,4.9663e-234,1.8e-221,2.4479e-209,1.249e-197,2.3911e-186,1.7175e-175,4.6287e-165,4.6803e-155,1.7757e-145,2.5276e-136,1.35e-127,2.7052e-119,2.0339e-111,5.7377e-104,6.073e-97,2.4117e-90,3.5935e-84,2.0089e-78,4.2139e-73,3.3163e-68,9.7926e-64,1.0849e-59,4.5099e-56,7.0339e-53,4.1161e-50,9.0374e-48,7.4449e-46,2.3011e-44,2.6686e-43,1.1612e-42
1.2722e-48,7.7929e-49,1.791e-49,1.5444e-50,4.9966e-52,6.0653e-54,2.7625e-56,4.7207e-59,3.0268e-62,7.2814e-66,6.5722e-70,2.2257e-74,2.8281e-79,1.3483e-84,2.4117e-90,1.6186e-96,4.0758e-103,3.8508e-110,1.365e-117,1.8156e-125,9.0602e-134,1.6964e-142,1.1917e-151,3.1412e-161,3.1065e-171,1.1527e-181,1.6047e-192,8.3825e-204,1.6429e-215,1.2081e-227,3.3331e-240,3.4503e-253,1.3401e-266,1.9529e-280,1.0678e-294,2.1906e-309,0,0,0,0,0,0,0,0,0,0,0,0,0,0,0,0,0,0,0,0,0,0,0,0,0,0,0,0,0,2.1906e-309,1.0678e-294,1.9529e-280,1.3401e-266,3.4503e-253,3.3331e-240,1.2081e-227,1.6429e-215,8.3825e-204,1.6047e-192,1.1527e-181,3.1065e-171,3.1412e-161,1.1917e-151,1.6964e-142,9.0602e-134,1.8156e-125,1.365e-117,3.8508e-110,4.0758e-103,1.6186e-96,2.4117e-90,1.3483e-84,2.8281e-79,2.2257e-74,6.5722e-70,7.2814e-66,3.0268e-62,4.7207e-59,2.7625e-56,6.0653e-54,4.9966e-52,1.5444e-50,1.791e-49,7.7929e-49
3.2036e-55,1.9623e-55,4.5099e-56,3.8889e-57,1.2582e-58,1.5273e-60,6.9562e-63,1.1887e-65,7.6217e-69,1.8335e-72,1.6549e-76,5.6046e-81,7.1214e-86,3.3951e-91,6.073e-97,4.0758e-103,1.0263e-109,9.6967e-117,3.4373e-124,4.5718e-132,2.2814e-140,4.2717e-149,3.0009e-158,7.9098e-168,7.8224e-178,2.9025e-188,4.0409e-199,2.1108e-210,4.1369e-222,3.042e-234,8.393e-247,8.6883e-260,3.3745e-273,4.9176e-287,2.6888e-301,5.5161e-316,0,0,0,0,0,0,0,0,0,0,0,0,0,0,0,0,0,0,0,0,0,0,0,0,0,0,0,0,0,5.5161e-316,2.6888e-301,4.9176e-287,3.3745e-273,8.6883e-260,8.393e-247,3.042e-234,4.1369e-222,2.1108e-210,4.0409e-199,2.9025e-188,7.8224e-178,7.9098e-168,3.0009e-158,4.2717e-149,2.2814e-140,4.5718e-132,3.4373e-124,9.6967e-117,1.0263e-109,4.0758e-103,6.073e-97,3.3951e-91,7.1214e-86,5.6046e-81,1.6549e-76,1.8335e-72,7.6217e-69,1.1887e-65,6.9562e-63,1.5273e-60,1.2582e-58,3.8889e-57,4.5099e-56,1.9623e-55
3.0268e-62,1.854e-62,4.2609e-63,3.6742e-64,1.1887e-65,1.443e-67,6.5722e-70,1.1231e-72,7.201e-76,1.7323e-79,1.5636e-83,5.2952e-88,6.7283e-93,3.2077e-98,5.7377e-104,3.8508e-110,9.6967e-117,9.1613e-124,3.2476e-131,4.3194e-139,2.1555e-147,4.0358e-156,2.8352e-165,7.4731e-175,7.3905e-185,2.7423e-195,3.8178e-206,1.9943e-217,3.9085e-229,2.8741e-241,7.9297e-254,8.2087e-267,3.1882e-280,4.6462e-294,2.5404e-308,5.4347e-323,0,0,0,0,0,0,0,0,0,0,0,0,0,0,0,0,0,0,0,0,0,0,0,0,0,0,0,0,0,5.4347e-323,2.5404e-308,4.6462e-294,3.1882e-280,8.2087e-267,7.9297e-254,2.8741e-241,3.9085e-229,1.9943e-217,3.8178e-206,2.7423e-195,7.3905e-185,7.4731e-175,2.8352e-165,4.0358e-156,2.1555e-147,4.3194e-139,3.2476e-131,9.1613e-124,9.6967e-117,3.8508e-110,5.7377e-104,3.2077e-98,6.7283e-93,5.2952e-88,1.5636e-83,1.7323e-79,7.201e-76,1.1231e-72,6.5722e-70,1.443e-67,1.1887e-65,3.6742e-64,4.2609e-63,1.854e-62
1.0729e-69,6.5722e-70,1.5104e-70,1.3025e-71,4.2139e-73,5.1152e-75,2.3298e-77,3.9812e-80,2.5526e-83,6.1408e-87,5.5427e-91,1.8771e-95,2.3851e-100,1.1371e-105,2.0339e-111,1.365e-117,3.4373e-124,3.2476e-131,1.1512e-138,1.5312e-146,7.6409e-155,1.4307e-163,1.005e-172,2.6491e-182,2.6198e-192,9.7211e-203,1.3534e-213,7.0694e-225,1.3855e-236,1.0188e-248,2.811e-261,2.9099e-274,1.1302e-287,1.647e-301,9.0053e-316,0,0,0,0,0,0,0,0,0,0,0,0,0,0,0,0,0,0,0,0,0,0,0,0,0,0,0,0,0,0,0,9.0053e-316,1.647e-301,1.1302e-287,2.9099e-274,2.811e-261,1.0188e-248,1.3855e-236,7.0694e-225,1.3534e-213,9.7211e-203,2.6198e-192,2.6491e-182,1.005e-172,1.4307e-163,7.6409e-155,1.5312e-146,1.1512e-138,3.2476e-131,3.4373e-124,1.365e-117,2.0339e-111,1.1371e-105,2.3851e-100,1.8771e-95,5.5427e-91,6.1408e-87,2.5526e-83,3.9812e-80,2.3298e-77,5.1152e-75,4.2139e-73,1.3025e-71,1.5104e-70,6.5722e-70
1.4271e-77,8.7412e-78,2.0089e-78,1.7323e-79,5.6046e-81,6.8034e-83,3.0987e-85,5.2952e-88,3.3951e-91,8.1675e-95,7.372e-99,2.4966e-103,3.1722e-108,1.5123e-113,2.7052e-119,1.8156e-125,4.5718e-132,4.3194e-139,1.5312e-146,2.0365e-154,1.0163e-162,1.9028e-171,1.3367e-180,3.5234e-190,3.4845e-200,1.2929e-210,1.8e-221,9.4025e-233,1.8428e-244,1.3551e-256,3.7387e-269,3.8702e-282,1.5032e-295,2.1906e-309,9.8813e-324,0,0,0,0,0,0,0,0,0,0,0,0,0,0,0,0,0,0,0,0,0,0,0,0,0,0,0,0,0,0,0,9.8813e-324,2.1906e-309,1.5032e-295,3.8702e-282,3.7387e-269,1.3551e-256,1.8428e-244,9.4025e-233,1.8e-221,1.2929e-210,3.4845e-200,3.5234e-190,1.3367e-180,1.9028e-171,1.0163e-162,2.0365e-154,1.5312e-146,4.3194e-139,4.5718e-132,1.8156e-125,2.7052e-119,1.5123e-113,3.1722e-108,2.4966e-103,7.372e-99,8.1675e-95,3.3951e-91,5.2952e-88,3.0987e-85,6.8034e-83,5.6046e-81,1.7323e-79,2.0089e-78,8.7412e-78
7.1214e-86,4.3621e-86,1.0025e-86,8.6447e-88,2.7969e-89,3.3951e-91,1.5463e-93,2.6424e-96,1.6943e-99,4.0758e-103,3.6788e-107,1.2459e-111,1.583e-116,7.547e-122,1.35e-127,9.0602e-134,2.2814e-140,2.1555e-147,7.6409e-155,1.0163e-162,5.0715e-171,9.4956e-180,6.6707e-189,1.7583e-198,1.7389e-208,6.4521e-219,8.9827e-230,4.6921e-241,9.196e-253,6.7622e-265,1.8657e-277,1.9313e-290,7.5013e-304,1.0932e-317,0,0,0,0,0,0,0,0,0,0,0,0,0,0,0,0,0,0,0,0,0,0,0,0,0,0,0,0,0,0,0,0,0,1.0932e-317,7.5013e-304,1.9313e-290,1.8657e-277,6.7622e-265,9.196e-253,4.6921e-241,8.9827e-230,6.4521e-219,1.7389e-208,1.7583e-198,6.6707e-189,9.4956e-180,5.0715e-171,1.0163e-162,7.6409e-155,2.1555e-147,2.2814e-140,9.0602e-134,1.35e-127,7.547e-122,1.583e-116,1.2459e-111,3.6788e-107,4.0758e-103,1.6943e-99,2.6424e-96,1.5463e-93,3.3951e-91,2.7969e-89,8.6447e-88,1.0025e-86,4.3621e-86
1.3334e-94,8.1675e-95,1.8771e-95,1.6186e-96,5.2367e-98,6.3568e-100,2.8953e-102,4.9476e-105,3.1722e-108,7.6313e-112,6.8881e-116,2.3327e-120,2.964e-125,1.4131e-130,2.5276e-136,1.6964e-142,4.2717e-149,4.0358e-156,1.4307e-163,1.9028e-171,9.4956e-180,1.7779e-188,1.249e-197,3.2921e-207,3.2558e-217,1.2081e-227,1.6819e-238,8.7853e-250,1.7218e-261,1.2661e-273,3.4933e-286,3.6162e-299,1.4045e-312,0,0,0,0,0,0,0,0,0,0,0,0,0,0,0,0,0,0,0,0,0,0,0,0,0,0,0,0,0,0,0,0,0,0,0,1.4045e-312,3.6162e-299,3.4933e-286,1.2661e-273,1.7218e-261,8.7853e-250,1.6819e-238,1.2081e-227,3.2558e-217,3.2921e-207,1.249e-197,1.7779e-188,9.4956e-180,1.9028e-171,1.4307e-163,4.0358e-156,4.2717e-149,1.6964e-142,2.5276e-136,1.4131e-130,2.964e-125,2.3327e-120,6.8881e-116,7.6313e-112,3.1722e-108,4.9476e-105,2.8953e-102,6.3568e-100,5.2367e-98,1.6186e-96,1.8771e-95,8.1675e-95
9.3671e-104,5.7377e-104,1.3187e-104,1.1371e-105,3.6788e-107,4.4657e-109,2.0339e-111,3.4757e-114,2.2285e-117,5.3611e-121,4.8389e-125,1.6387e-129,2.0822e-134,9.9269e-140,1.7757e-145,1.1917e-151,3.0009e-158,2.8352e-165,1.005e-172,1.3367e-180,6.6707e-189,1.249e-197,8.7743e-207,2.3127e-216,2.2872e-226,8.4868e-237,1.1815e-247,6.1718e-259,1.2096e-270,8.8946e-283,2.454e-295,2.5404e-308,9.8813e-322,0,0,0,0,0,0,0,0,0,0,0,0,0,0,0,0,0,0,0,0,0,0,0,0,0,0,0,0,0,0,0,0,0,0,0,9.8813e-322,2.5404e-308,2.454e-295,8.8946e-283,1.2096e-270,6.1718e-259,1.1815e-247,8.4868e-237,2.2872e-226,2.3127e-216,8.7743e-207,1.249e-197,6.6707e-189,1.3367e-180,1.005e-172,2.8352e-165,3.0009e-158,1.1917e-151,1.7757e-145,9.9269e-140,2.0822e-134,1.6387e-129,4.8389e-125,5.3611e-121,2.2285e-117,3.4757e-114,2.0339e-111,4.4657e-109,3.6788e-107,1.1371e-105,1.3187e-104,5.7377e-104
2.469e-113,1.5123e-113,3.4757e-114,2.9971e-115,9.6967e-117,1.1771e-118,5.3611e-121,9.1613e-124,5.874e-127,1.4131e-130,1.2754e-134,4.3194e-139,5.4884e-144,2.6166e-149,4.6803e-155,3.1412e-161,7.9098e-168,7.4731e-175,2.6491e-182,3.5234e-190,1.7583e-198,3.2921e-207,2.3127e-216,6.0959e-226,6.0286e-236,2.2369e-246,3.1143e-257,1.6268e-268,3.1882e-280,2.3445e-292,6.4684e-305,6.6959e-318,0,0,0,0,0,0,0,0,0,0,0,0,0,0,0,0,0,0,0,0,0,0,0,0,0,0,0,0,0,0,0,0,0,0,0,0,0,6.6959e-318,6.4684e-305,2.3445e-292,3.1882e-280,1.6268e-268,3.1143e-257,2.2369e-246,6.0286e-236,6.0959e-226,2.3127e-216,3.2921e-207,1.7583e-198,3.5234e-190,2.6491e-182,7.4731e-175,7.9098e-168,3.1412e-161,4.6803e-155,2.6166e-149,5.4884e-144,4.3194e-139,1.2754e-134,1.4131e-130,5.874e-127,9.1613e-124,5.3611e-121,1.1771e-118,9.6967e-117,2.9971e-115,3.4757e-114,1.5123e-113
2.4417e-123,1.4956e-123,3.4373e-124,2.964e-125,9.5896e-127,1.1641e-128,5.3019e-131,9.0602e-134,5.8091e-137,1.3975e-140,1.2614e-144,4.2717e-149,5.4278e-154,2.5877e-159,4.6287e-165,3.1065e-171,7.8224e-178,7.3905e-185,2.6198e-192,3.4845e-200,1.7389e-208,3.2558e-217,2.2872e-226,6.0286e-236,5.962e-246,2.2122e-256,3.0799e-267,1.6088e-278,3.153e-290,2.3186e-302,6.3969e-315,0,0,0,0,0,0,0,0,0,0,0,0,0,0,0,0,0,0,0,0,0,0,0,0,0,0,0,0,0,0,0,0,0,0,0,0,0,0,0,6.3969e-315,2.3186e-302,3.153e-290,1.6088e-278,3.0799e-267,2.2122e-256,5.962e-246,6.0286e-236,2.2872e-226,3.2558e-217,1.7389e-208,3.4845e-200,2.6198e-192,7.3905e-185,7.8224e-178,3.1065e-171,4.6287e-165,2.5877e-159,5.4278e-154,4.2717e-149,1.2614e-144,1.3975e-140,5.8091e-137,9.0602e-134,5.3019e-131,1.1641e-128,9.5896e-127,2.964e-125,3.4373e-124,1.4956e-123
9.0602e-134,5.5497e-134,1.2754e-134,1.0998e-135,3.5583e-137,4.3194e-139,1.9673e-141,3.3618e-144,2.1555e-147,5.1854e-151,4.6803e-155,1.585e-159,2.014e-164,9.6016e-170,1.7175e-175,1.1527e-181,2.9025e-188,2.7423e-195,9.7211e-203,1.2929e-210,6.4521e-219,1.2081e-227,8.4868e-237,2.2369e-246,2.2122e-256,8.2087e-267,1.1428e-277,5.9695e-289,1.17e-300,8.6032e-313,0,0,0,0,0,0,0,0,0,0,0,0,0,0,0,0,0,0,0,0,0,0,0,0,0,0,0,0,0,0,0,0,0,0,0,0,0,0,0,0,0,8.6032e-313,1.17e-300,5.9695e-289,1.1428e-277,8.2087e-267,2.2122e-256,2.2369e-246,8.4868e-237,1.2081e-227,6.4521e-219,1.2929e-210,9.7211e-203,2.7423e-195,2.9025e-188,1.1527e-181,1.7175e-175,9.6016e-170,2.014e-164,1.585e-159,4.6803e-155,5.1854e-151,2.1555e-147,3.3618e-144,1.9673e-141,4.3194e-139,3.5583e-137,1.0998e-135,1.2754e-134,5.5497e-134
1.2614e-144,7.7263e-145,1.7757e-145,1.5312e-146,4.9538e-148,6.0135e-150,2.7389e-152,4.6803e-155,3.0009e-158,7.2191e-162,6.516e-166,2.2067e-170,2.8039e-175,1.3367e-180,2.3911e-186,1.6047e-192,4.0409e-199,3.8178e-206,1.3534e-213,1.8e-221,8.9827e-230,1.6819e-238,1.1815e-247,3.1143e-257,3.0799e-267,1.1428e-277,1.591e-288,8.3108e-300,1.6288e-311,9.8813e-324,0,0,0,0,0,0,0,0,0,0,0,0,0,0,0,0,0,0,0,0,0,0,0,0,0,0,0,0,0,0,0,0,0,0,0,0,0,0,0,0,0,9.8813e-324,1.6288e-311,8.3108e-300,1.591e-288,1.1428e-277,3.0799e-267,3.1143e-257,1.1815e-247,1.6819e-238,8.9827e-230,1.8e-221,1.3534e-213,3.8178e-206,4.0409e-199,1.6047e-192,2.3911e-186,1.3367e-180,2.8039e-175,2.2067e-170,6.516e-166,7.2191e-162,3.0009e-158,4.6803e-155,2.7389e-152,6.0135e-150,4.9538e-148,1.5312e-146,1.7757e-145,7.7263e-145
6.5888e-156,4.0358e-156,9.2753e-157,7.9981e-158,2.5877e-159,3.1412e-161,1.4307e-163,2.4448e-166,1.5675e-169,3.7709e-173,3.4037e-177,1.1527e-181,1.4646e-186,6.9825e-192,1.249e-197,8.3825e-204,2.1108e-210,1.9943e-217,7.0694e-225,9.4025e-233,4.6921e-241,8.7853e-250,6.1718e-259,1.6268e-268,1.6088e-278,5.9695e-289,8.3108e-300,4.3412e-311,8.3991e-323,0,0,0,0,0,0,0,0,0,0,0,0,0,0,0,0,0,0,0,0,0,0,0,0,0,0,0,0,0,0,0,0,0,0,0,0,0,0,0,0,0,0,0,8.3991e-323,4.3412e-311,8.3108e-300,5.9695e-289,1.6088e-278,1.6268e-268,6.1718e-259,8.7853e-250,4.6921e-241,9.4025e-233,7.0694e-225,1.9943e-217,2.1108e-210,8.3825e-204,1.249e-197,6.9825e-192,1.4646e-186,1.1527e-181,3.4037e-177,3.7709e-173,1.5675e-169,2.4448e-166,1.4307e-163,3.1412e-161,2.5877e-159,7.9981e-158,9.2753e-157,4.0358e-156
1.2913e-167,7.9098e-168,1.8178e-168,1.5675e-169,5.0715e-171,6.1563e-173,2.8039e-175,4.7915e-178,3.0721e-181,7.3905e-185,6.6707e-189,2.2591e-193,2.8705e-198,1.3685e-203,2.4479e-209,1.6429e-215,4.1369e-222,3.9085e-229,1.3855e-236,1.8428e-244,9.196e-253,1.7218e-261,1.2096e-270,3.1882e-280,3.153e-290,1.17e-300,1.6288e-311,8.3991e-323,0,0,0,0,0,0,0,0,0,0,0,0,0,0,0,0,0,0,0,0,0,0,0,0,0,0,0,0,0,0,0,0,0,0,0,0,0,0,0,0,0,0,0,0,0,8.3991e-323,1.6288e-311,1.17e-300,3.153e-290,3.1882e-280,1.2096e-270,1.7218e-261,9.196e-253,1.8428e-244,1.3855e-236,3.9085e-229,4.1369e-222,1.6429e-215,2.4479e-209,1.3685e-203,2.8705e-198,2.2591e-193,6.6707e-189,7.3905e-185,3.0721e-181,4.7915e-178,2.8039e-175,6.1563e-173,5.0715e-171,1.5675e-169,1.8178e-168,7.9098e-168
9.4956e-180,5.8164e-180,1.3367e-180,1.1527e-181,3.7293e-183,4.527e-185,2.0618e-187,3.5234e-190,2.2591e-193,5.4346e-197,4.9053e-201,1.6612e-205,2.1108e-210,1.0063e-215,1.8e-221,1.2081e-227,3.042e-234,2.8741e-241,1.0188e-248,1.3551e-256,6.7622e-265,1.2661e-273,8.8946e-283,2.3445e-292,2.3186e-302,8.6032e-313,9.8813e-324,0,0,0,0,0,0,0,0,0,0,0,0,0,0,0,0,0,0,0,0,0,0,0,0,0,0,0,0,0,0,0,0,0,0,0,0,0,0,0,0,0,0,0,0,0,0,0,9.8813e-324,8.6032e-313,2.3186e-302,2.3445e-292,8.8946e-283,1.2661e-273,6.7622e-265,1.3551e-256,1.0188e-248,2.8741e-241,3.042e-234,1.2081e-227,1.8e-221,1.0063e-215,2.1108e-210,1.6612e-205,4.9053e-201,5.4346e-197,2.2591e-193,3.5234e-190,2.0618e-187,4.527e-185,3.7293e-183,1.1527e-181,1.3367e-180,5.8164e-180
2.6198e-192,1.6047e-192,3.6881e-193,3.1802e-194,1.0289e-195,1.249e-197,5.6886e-200,9.7211e-203,6.2328e-206,1.4994e-209,1.3534e-213,4.5833e-218,5.8237e-223,2.7764e-228,4.9663e-234,3.3331e-240,8.393e-247,7.9297e-254,2.811e-261,3.7387e-269,1.8657e-277,3.4933e-286,2.454e-295,6.4684e-305,6.3969e-315,0,0,0,0,0,0,0,0,0,0,0,0,0,0,0,0,0,0,0,0,0,0,0,0,0,0,0,0,0,0,0,0,0,0,0,0,0,0,0,0,0,0,0,0,0,0,0,0,0,0,0,6.3969e-315,6.4684e-305,2.454e-295,3.4933e-286,1.8657e-277,3.7387e-269,2.811e-261,7.9297e-254,8.393e-247,3.3331e-240,4.9663e-234,2.7764e-228,5.8237e-223,4.5833e-218,1.3534e-213,1.4994e-209,6.2328e-206,9.7211e-203,5.6886e-200,1.249e-197,1.0289e-195,3.1802e-194,3.6881e-193,1.6047e-192
2.712e-205,1.6612e-205,3.8178e-206,3.2921e-207,1.0651e-208,1.2929e-210,5.8888e-213,1.0063e-215,6.4521e-219,1.5522e-222,1.401e-226,4.7445e-231,6.0286e-236,2.8741e-241,5.141e-247,3.4503e-253,8.6883e-260,8.2087e-267,2.9099e-274,3.8702e-282,1.9313e-290,3.6162e-299,2.5404e-308,6.6959e-318,0,0,0,0,0,0,0,0,0,0,0,0,0,0,0,0,0,0,0,0,0,0,0,0,0,0,0,0,0,0,0,0,0,0,0,0,0,0,0,0,0,0,0,0,0,0,0,0,0,0,0,0,0,6.6959e-318,2.5404e-308,3.6162e-299,1.9313e-290,3.8702e-282,2.9099e-274,8.2087e-267,8.6883e-260,3.4503e-253,5.141e-247,2.8741e-241,6.0286e-236,4.7445e-231,1.401e-226,1.5522e-222,6.4521e-219,1.0063e-215,5.8888e-213,1.2929e-210,1.0651e-208,3.2921e-207,3.8178e-206,1.6612e-205
1.0533e-218,6.4521e-219,1.4829e-219,1.2787e-220,4.1369e-222,5.0218e-224,2.2872e-226,3.9085e-229,2.506e-232,6.0286e-236,5.4414e-240,1.8428e-244,2.3415e-249,1.1163e-254,1.9968e-260,1.3401e-266,3.3745e-273,3.1882e-280,1.1302e-287,1.5032e-295,7.5013e-304,1.4045e-312,9.8813e-322,0,0,0,0,0,0,0,0,0,0,0,0,0,0,0,0,0,0,0,0,0,0,0,0,0,0,0,0,0,0,0,0,0,0,0,0,0,0,0,0,0,0,0,0,0,0,0,0,0,0,0,0,0,0,0,9.8813e-322,1.4045e-312,7.5013e-304,1.5032e-295,1.1302e-287,3.1882e-280,3.3745e-273,1.3401e-266,1.9968e-260,1.1163e-254,2.3415e-249,1.8428e-244,5.4414e-240,6.0286e-236,2.506e-232,3.9085e-229,2.2872e-226,5.0218e-224,4.1369e-222,1.2787e-220,1.4829e-219,6.4521e-219
1.535e-232,9.4025e-233,2.1609e-233,1.8634e-234,6.0286e-236,7.3181e-238,3.3331e-240,5.6958e-243,3.6519e-246,8.7853e-250,7.9297e-254,2.6854e-258,3.4122e-263,1.6268e-268,2.9099e-274,1.9529e-280,4.9176e-287,4.6462e-294,1.647e-301,2.1906e-309,1.0932e-317,0,0,0,0,0,0,0,0,0,0,0,0,0,0,0,0,0,0,0,0,0,0,0,0,0,0,0,0,0,0,0,0,0,0,0,0,0,0,0,0,0,0,0,0,0,0,0,0,0,0,0,0,0,0,0,0,0,0,0,1.0932e-317,2.1906e-309,1.647e-301,4.6462e-294,4.9176e-287,1.9529e-280,2.9099e-274,1.6268e-268,3.4122e-263,2.6854e-258,7.9297e-254,8.7853e-250,3.6519e-246,5.6958e-243,3.3331e-240,7.3181e-238,6.0286e-236,1.8634e-234,2.1609e-233,9.4025e-233
8.393e-247,5.141e-247,1.1815e-247,1.0188e-248,3.2963e-250,4.0013e-252,1.8224e-254,3.1143e-257,1.9968e-260,4.8036e-264,4.3357e-268,1.4683e-272,1.8657e-277,8.8946e-283,1.591e-288,1.0678e-294,2.6888e-301,2.5404e-308,9.0053e-316,9.8813e-324,0,0,0,0,0,0,0,0,0,0,0,0,0,0,0,0,0,0,0,0,0,0,0,0,0,0,0,0,0,0,0,0,0,0,0,0,0,0,0,0,0,0,0,0,0,0,0,0,0,0,0,0,0,0,0,0,0,0,0,0,0,9.8813e-324,9.0053e-316,2.5404e-308,2.6888e-301,1.0678e-294,1.591e-288,8.8946e-283,1.8657e-277,1.4683e-272,4.3357e-268,4.8036e-264,1.9968e-260,3.1143e-257,1.8224e-254,4.0013e-252,3.2963e-250,1.0188e-248,1.1815e-247,5.141e-247
1.7218e-261,1.0547e-261,2.4239e-262,2.0901e-263,6.7622e-265,8.2087e-267,3.7387e-269,6.3889e-272,4.0964e-275,9.8544e-279,8.8946e-283,3.0122e-287,3.8275e-292,1.8247e-297,3.264e-303,2.1906e-309,5.5161e-316,5.4347e-323,0,0,0,0,0,0,0,0,0,0,0,0,0,0,0,0,0,0,0,0,0,0,0,0,0,0,0,0,0,0,0,0,0,0,0,0,0,0,0,0,0,0,0,0,0,0,0,0,0,0,0,0,0,0,0,0,0,0,0,0,0,0,0,0,0,5.4347e-323,5.5161e-316,2.1906e-309,3.264e-303,1.8247e-297,3.8275e-292,3.0122e-287,8.8946e-283,9.8544e-279,4.0964e-275,6.3889e-272,3.7387e-269,8.2087e-267,6.7622e-265,2.0901e-263,2.4239e-262,1.0547e-261
1.3253e-276,8.118e-277,1.8657e-277,1.6088e-278,5.205e-280,6.3183e-282,2.8777e-284,4.9176e-287,3.153e-290,7.5851e-294,6.8463e-298,2.3186e-302,2.9461e-307,1.4045e-312,2.5123e-318,0,0,0,0,0,0,0,0,0,0,0,0,0,0,0,0,0,0,0,0,0,0,0,0,0,0,0,0,0,0,0,0,0,0,0,0,0,0,0,0,0,0,0,0,0,0,0,0,0,0,0,0,0,0,0,0,0,0,0,0,0,0,0,0,0,0,0,0,0,0,0,2.5123e-318,1.4045e-312,2.9461e-307,2.3186e-302,6.8463e-298,7.5851e-294,3.153e-290,4.9176e-287,2.8777e-284,6.3183e-282,5.205e-280,1.6088e-278,1.8657e-277,8.118e-277
3.8275e-292,2.3445e-292,5.3881e-293,4.6462e-294,1.5032e-295,1.8247e-297,8.3108e-300,1.4202e-302,9.1059e-306,2.1906e-309,1.9772e-313,6.6959e-318,8.3991e-323,0,0,0,0,0,0,0,0,0,0,0,0,0,0,0,0,0,0,0,0,0,0,0,0,0,0,0,0,0,0,0,0,0,0,0,0,0,0,0,0,0,0,0,0,0,0,0,0,0,0,0,0,0,0,0,0,0,0,0,0,0,0,0,0,0,0,0,0,0,0,0,0,0,0,0,8.3991e-323,6.6959e-318,1.9772e-313,2.1906e-309,9.1059e-306,1.4202e-302,8.3108e-300,1.8247e-297,1.5032e-295,4.6462e-294,5.3881e-293,2.3445e-292
4.1473e-308,2.5404e-308,5.8384e-309,5.0344e-310,1.6288e-311,1.9772e-313,9.0053e-316,1.5389e-318,9.8813e-322,0,0,0,0,0,0,0,0,0,0,0,0,0,0,0,0,0,0,0,0,0,0,0,0,0,0,0,0,0,0,0,0,0,0,0,0,0,0,0,0,0,0,0,0,0,0,0,0,0,0,0,0,0,0,0,0,0,0,0,0,0,0,0,0,0,0,0,0,0,0,0,0,0,0,0,0,0,0,0,0,0,0,0,9.8813e-322,1.5389e-318,9.0053e-316,1.9772e-313,1.6288e-311,5.0344e-310,5.8384e-309,2.5404e-308
0,0,0,0,0,0,0,0,0,0,0,0,0,0,0,0,0,0,0,0,0,0,0,0,0,0,0,0,0,0,0,0,0,0,0,0,0,0,0,0,0,0,0,0,0,0,0,0,0,0,0,0,0,0,0,0,0,0,0,0,0,0,0,0,0,0,0,0,0,0,0,0,0,0,0,0,0,0,0,0,0,0,0,0,0,0,0,0,0,0,0,0,0,0,0,0,0,0,0,0
0,0,0,0,0,0,0,0,0,0,0,0,0,0,0,0,0,0,0,0,0,0,0,0,0,0,0,0,0,0,0,0,0,0,0,0,0,0,0,0,0,0,0,0,0,0,0,0,0,0,0,0,0,0,0,0,0,0,0,0,0,0,0,0,0,0,0,0,0,0,0,0,0,0,0,0,0,0,0,0,0,0,0,0,0,0,0,0,0,0,0,0,0,0,0,0,0,0,0,0
0,0,0,0,0,0,0,0,0,0,0,0,0,0,0,0,0,0,0,0,0,0,0,0,0,0,0,0,0,0,0,0,0,0,0,0,0,0,0,0,0,0,0,0,0,0,0,0,0,0,0,0,0,0,0,0,0,0,0,0,0,0,0,0,0,0,0,0,0,0,0,0,0,0,0,0,0,0,0,0,0,0,0,0,0,0,0,0,0,0,0,0,0,0,0,0,0,0,0,0
0,0,0,0,0,0,0,0,0,0,0,0,0,0,0,0,0,0,0,0,0,0,0,0,0,0,0,0,0,0,0,0,0,0,0,0,0,0,0,0,0,0,0,0,0,0,0,0,0,0,0,0,0,0,0,0,0,0,0,0,0,0,0,0,0,0,0,0,0,0,0,0,0,0,0,0,0,0,0,0,0,0,0,0,0,0,0,0,0,0,0,0,0,0,0,0,0,0,0,0
0,0,0,0,0,0,0,0,0,0,0,0,0,0,0,0,0,0,0,0,0,0,0,0,0,0,0,0,0,0,0,0,0,0,0,0,0,0,0,0,0,0,0,0,0,0,0,0,0,0,0,0,0,0,0,0,0,0,0,0,0,0,0,0,0,0,0,0,0,0,0,0,0,0,0,0,0,0,0,0,0,0,0,0,0,0,0,0,0,0,0,0,0,0,0,0,0,0,0,0
0,0,0,0,0,0,0,0,0,0,0,0,0,0,0,0,0,0,0,0,0,0,0,0,0,0,0,0,0,0,0,0,0,0,0,0,0,0,0,0,0,0,0,0,0,0,0,0,0,0,0,0,0,0,0,0,0,0,0,0,0,0,0,0,0,0,0,0,0,0,0,0,0,0,0,0,0,0,0,0,0,0,0,0,0,0,0,0,0,0,0,0,0,0,0,0,0,0,0,0
0,0,0,0,0,0,0,0,0,0,0,0,0,0,0,0,0,0,0,0,0,0,0,0,0,0,0,0,0,0,0,0,0,0,0,0,0,0,0,0,0,0,0,0,0,0,0,0,0,0,0,0,0,0,0,0,0,0,0,0,0,0,0,0,0,0,0,0,0,0,0,0,0,0,0,0,0,0,0,0,0,0,0,0,0,0,0,0,0,0,0,0,0,0,0,0,0,0,0,0
0,0,0,0,0,0,0,0,0,0,0,0,0,0,0,0,0,0,0,0,0,0,0,0,0,0,0,0,0,0,0,0,0,0,0,0,0,0,0,0,0,0,0,0,0,0,0,0,0,0,0,0,0,0,0,0,0,0,0,0,0,0,0,0,0,0,0,0,0,0,0,0,0,0,0,0,0,0,0,0,0,0,0,0,0,0,0,0,0,0,0,0,0,0,0,0,0,0,0,0
0,0,0,0,0,0,0,0,0,0,0,0,0,0,0,0,0,0,0,0,0,0,0,0,0,0,0,0,0,0,0,0,0,0,0,0,0,0,0,0,0,0,0,0,0,0,0,0,0,0,0,0,0,0,0,0,0,0,0,0,0,0,0,0,0,0,0,0,0,0,0,0,0,0,0,0,0,0,0,0,0,0,0,0,0,0,0,0,0,0,0,0,0,0,0,0,0,0,0,0
0,0,0,0,0,0,0,0,0,0,0,0,0,0,0,0,0,0,0,0,0,0,0,0,0,0,0,0,0,0,0,0,0,0,0,0,0,0,0,0,0,0,0,0,0,0,0,0,0,0,0,0,0,0,0,0,0,0,0,0,0,0,0,0,0,0,0,0,0,0,0,0,0,0,0,0,0,0,0,0,0,0,0,0,0,0,0,0,0,0,0,0,0,0,0,0,0,0,0,0
0,0,0,0,0,0,0,0,0,0,0,0,0,0,0,0,0,0,0,0,0,0,0,0,0,0,0,0,0,0,0,0,0,0,0,0,0,0,0,0,0,0,0,0,0,0,0,0,0,0,0,0,0,0,0,0,0,0,0,0,0,0,0,0,0,0,0,0,0,0,0,0,0,0,0,0,0,0,0,0,0,0,0,0,0,0,0,0,0,0,0,0,0,0,0,0,0,0,0,0
0,0,0,0,0,0,0,0,0,0,0,0,0,0,0,0,0,0,0,0,0,0,0,0,0,0,0,0,0,0,0,0,0,0,0,0,0,0,0,0,0,0,0,0,0,0,0,0,0,0,0,0,0,0,0,0,0,0,0,0,0,0,0,0,0,0,0,0,0,0,0,0,0,0,0,0,0,0,0,0,0,0,0,0,0,0,0,0,0,0,0,0,0,0,0,0,0,0,0,0
0,0,0,0,0,0,0,0,0,0,0,0,0,0,0,0,0,0,0,0,0,0,0,0,0,0,0,0,0,0,0,0,0,0,0,0,0,0,0,0,0,0,0,0,0,0,0,0,0,0,0,0,0,0,0,0,0,0,0,0,0,0,0,0,0,0,0,0,0,0,0,0,0,0,0,0,0,0,0,0,0,0,0,0,0,0,0,0,0,0,0,0,0,0,0,0,0,0,0,0
0,0,0,0,0,0,0,0,0,0,0,0,0,0,0,0,0,0,0,0,0,0,0,0,0,0,0,0,0,0,0,0,0,0,0,0,0,0,0,0,0,0,0,0,0,0,0,0,0,0,0,0,0,0,0,0,0,0,0,0,0,0,0,0,0,0,0,0,0,0,0,0,0,0,0,0,0,0,0,0,0,0,0,0,0,0,0,0,0,0,0,0,0,0,0,0,0,0,0,0
0,0,0,0,0,0,0,0,0,0,0,0,0,0,0,0,0,0,0,0,0,0,0,0,0,0,0,0,0,0,0,0,0,0,0,0,0,0,0,0,0,0,0,0,0,0,0,0,0,0,0,0,0,0,0,0,0,0,0,0,0,0,0,0,0,0,0,0,0,0,0,0,0,0,0,0,0,0,0,0,0,0,0,0,0,0,0,0,0,0,0,0,0,0,0,0,0,0,0,0
0,0,0,0,0,0,0,0,0,0,0,0,0,0,0,0,0,0,0,0,0,0,0,0,0,0,0,0,0,0,0,0,0,0,0,0,0,0,0,0,0,0,0,0,0,0,0,0,0,0,0,0,0,0,0,0,0,0,0,0,0,0,0,0,0,0,0,0,0,0,0,0,0,0,0,0,0,0,0,0,0,0,0,0,0,0,0,0,0,0,0,0,0,0,0,0,0,0,0,0
0,0,0,0,0,0,0,0,0,0,0,0,0,0,0,0,0,0,0,0,0,0,0,0,0,0,0,0,0,0,0,0,0,0,0,0,0,0,0,0,0,0,0,0,0,0,0,0,0,0,0,0,0,0,0,0,0,0,0,0,0,0,0,0,0,0,0,0,0,0,0,0,0,0,0,0,0,0,0,0,0,0,0,0,0,0,0,0,0,0,0,0,0,0,0,0,0,0,0,0
0,0,0,0,0,0,0,0,0,0,0,0,0,0,0,0,0,0,0,0,0,0,0,0,0,0,0,0,0,0,0,0,0,0,0,0,0,0,0,0,0,0,0,0,0,0,0,0,0,0,0,0,0,0,0,0,0,0,0,0,0,0,0,0,0,0,0,0,0,0,0,0,0,0,0,0,0,0,0,0,0,0,0,0,0,0,0,0,0,0,0,0,0,0,0,0,0,0,0,0
0,0,0,0,0,0,0,0,0,0,0,0,0,0,0,0,0,0,0,0,0,0,0,0,0,0,0,0,0,0,0,0,0,0,0,0,0,0,0,0,0,0,0,0,0,0,0,0,0,0,0,0,0,0,0,0,0,0,0,0,0,0,0,0,0,0,0,0,0,0,0,0,0,0,0,0,0,0,0,0,0,0,0,0,0,0,0,0,0,0,0,0,0,0,0,0,0,0,0,0
0,0,0,0,0,0,0,0,0,0,0,0,0,0,0,0,0,0,0,0,0,0,0,0,0,0,0,0,0,0,0,0,0,0,0,0,0,0,0,0,0,0,0,0,0,0,0,0,0,0,0,0,0,0,0,0,0,0,0,0,0,0,0,0,0,0,0,0,0,0,0,0,0,0,0,0,0,0,0,0,0,0,0,0,0,0,0,0,0,0,0,0,0,0,0,0,0,0,0,0
0,0,0,0,0,0,0,0,0,0,0,0,0,0,0,0,0,0,0,0,0,0,0,0,0,0,0,0,0,0,0,0,0,0,0,0,0,0,0,0,0,0,0,0,0,0,0,0,0,0,0,0,0,0,0,0,0,0,0,0,0,0,0,0,0,0,0,0,0,0,0,0,0,0,0,0,0,0,0,0,0,0,0,0,0,0,0,0,0,0,0,0,0,0,0,0,0,0,0,0
0,0,0,0,0,0,0,0,0,0,0,0,0,0,0,0,0,0,0,0,0,0,0,0,0,0,0,0,0,0,0,0,0,0,0,0,0,0,0,0,0,0,0,0,0,0,0,0,0,0,0,0,0,0,0,0,0,0,0,0,0,0,0,0,0,0,0,0,0,0,0,0,0,0,0,0,0,0,0,0,0,0,0,0,0,0,0,0,0,0,0,0,0,0,0,0,0,0,0,0
0,0,0,0,0,0,0,0,0,0,0,0,0,0,0,0,0,0,0,0,0,0,0,0,0,0,0,0,0,0,0,0,0,0,0,0,0,0,0,0,0,0,0,0,0,0,0,0,0,0,0,0,0,0,0,0,0,0,0,0,0,0,0,0,0,0,0,0,0,0,0,0,0,0,0,0,0,0,0,0,0,0,0,0,0,0,0,0,0,0,0,0,0,0,0,0,0,0,0,0
4.1473e-308,2.5404e-308,5.8384e-309,5.0344e-310,1.6288e-311,1.9772e-313,9.0053e-316,1.5389e-318,9.8813e-322,0,0,0,0,0,0,0,0,0,0,0,0,0,0,0,0,0,0,0,0,0,0,0,0,0,0,0,0,0,0,0,0,0,0,0,0,0,0,0,0,0,0,0,0,0,0,0,0,0,0,0,0,0,0,0,0,0,0,0,0,0,0,0,0,0,0,0,0,0,0,0,0,0,0,0,0,0,0,0,0,0,0,0,9.8813e-322,1.5389e-318,9.0053e-316,1.9772e-313,1.6288e-311,5.0344e-310,5.8384e-309,2.5404e-308
3.8275e-292,2.3445e-292,5.3881e-293,4.6462e-294,1.5032e-295,1.8247e-297,8.3108e-300,1.4202e-302,9.1059e-306,2.1906e-309,1.9772e-313,6.6959e-318,8.3991e-323,0,0,0,0,0,0,0,0,0,0,0,0,0,0,0,0,0,0,0,0,0,0,0,0,0,0,0,0,0,0,0,0,0,0,0,0,0,0,0,0,0,0,0,0,0,0,0,0,0,0,0,0,0,0,0,0,0,0,0,0,0,0,0,0,0,0,0,0,0,0,0,0,0,0,0,8.3991e-323,6.6959e-318,1.9772e-313,2.1906e-309,9.1059e-306,1.4202e-302,8.3108e-300,1.8247e-297,1.5032e-295,4.6462e-294,5.3881e-293,2.3445e-292
1.3253e-276,8.118e-277,1.8657e-277,1.6088e-278,5.205e-280,6.3183e-282,2.8777e-284,4.9176e-287,3.153e-290,7.5851e-294,6.8463e-298,2.3186e-302,2.9461e-307,1.4045e-312,2.5123e-318,0,0,0,0,0,0,0,0,0,0,0,0,0,0,0,0,0,0,0,0,0,0,0,0,0,0,0,0,0,0,0,0,0,0,0,0,0,0,0,0,0,0,0,0,0,0,0,0,0,0,0,0,0,0,0,0,0,0,0,0,0,0,0,0,0,0,0,0,0,0,0,2.5123e-318,1.4045e-312,2.9461e-307,2.3186e-302,6.8463e-298,7.5851e-294,3.153e-290,4.9176e-287,2.8777e-284,6.3183e-282,5.205e-280,1.6088e-278,1.8657e-277,8.118e-277
1.7218e-261,1.0547e-261,2.4239e-262,2.0901e-263,6.7622e-265,8.2087e-267,3.7387e-269,6.3889e-272,4.0964e-275,9.8544e-279,8.8946e-283,3.0122e-287,3.8275e-292,1.8247e-297,3.264e-303,2.1906e-309,5.5161e-316,5.4347e-323,0,0,0,0,0,0,0,0,0,0,0,0,0,0,0,0,0,0,0,0,0,0,0,0,0,0,0,0,0,0,0,0,0,0,0,0,0,0,0,0,0,0,0,0,0,0,0,0,0,0,0,0,0,0,0,0,0,0,0,0,0,0,0,0,0,5.4347e-323,5.5161e-316,2.1906e-309,3.264e-303,1.8247e-297,3.8275e-292,3.0122e-287,8.8946e-283,9.8544e-279,4.0964e-275,6.3889e-272,3.7387e-269,8.2087e-267,6.7622e-265,2.0901e-263,2.4239e-262,1.0547e-261
8.393e-247,5.141e-247,1.1815e-247,1.0188e-248,3.2963e-250,4.0013e-252,1.8224e-254,3.1143e-257,1.9968e-260,4.8036e-264,4.3357e-268,1.4683e-272,1.8657e-277,8.8946e-283,1.591e-288,1.0678e-294,2.6888e-301,2.5404e-308,9.0053e-316,9.8813e-324,0,0,0,0,0,0,0,0,0,0,0,0,0,0,0,0,0,0,0,0,0,0,0,0,0,0,0,0,0,0,0,0,0,0,0,0,0,0,0,0,0,0,0,0,0,0,0,0,0,0,0,0,0,0,0,0,0,0,0,0,0,9.8813e-324,9.0053e-316,2.5404e-308,2.6888e-301,1.0678e-294,1.591e-288,8.8946e-283,1.8657e-277,1.4683e-272,4.3357e-268,4.8036e-264,1.9968e-260,3.1143e-257,1.8224e-254,4.0013e-252,3.2963e-250,1.0188e-248,1.1815e-247,5.141e-247
1.535e-232,9.4025e-233,2.1609e-233,1.8634e-234,6.0286e-236,7.3181e-238,3.3331e-240,5.6958e-243,3.6519e-246,8.7853e-250,7.9297e-254,2.6854e-258,3.4122e-263,1.6268e-268,2.9099e-274,1.9529e-280,4.9176e-287,4.6462e-294,1.647e-301,2.1906e-309,1.0932e-317,0,0,0,0,0,0,0,0,0,0,0,0,0,0,0,0,0,0,0,0,0,0,0,0,0,0,0,0,0,0,0,0,0,0,0,0,0,0,0,0,0,0,0,0,0,0,0,0,0,0,0,0,0,0,0,0,0,0,0,1.0932e-317,2.1906e-309,1.647e-301,4.6462e-294,4.9176e-287,1.9529e-280,2.9099e-274,1.6268e-268,3.4122e-263,2.6854e-258,7.9297e-254,8.7853e-250,3.6519e-246,5.6958e-243,3.3331e-240,7.3181e-238,6.0286e-236,1.8634e-234,2.1609e-233,9.4025e-233
1.0533e-218,6.4521e-219,1.4829e-219,1.2787e-220,4.1369e-222,5.0218e-224,2.2872e-226,3.9085e-229,2.506e-232,6.0286e-236,5.4414e-240,1.8428e-244,2.3415e-249,1.1163e-254,1.9968e-260,1.3401e-266,3.3745e-273,3.1882e-280,1.1302e-287,1.5032e-295,7.5013e-304,1.4045e-312,9.8813e-322,0,0,0,0,0,0,0,0,0,0,0,0,0,0,0,0,0,0,0,0,0,0,0,0,0,0,0,0,0,0,0,0,0,0,0,0,0,0,0,0,0,0,0,0,0,0,0,0,0,0,0,0,0,0,0,9.8813e-322,1.4045e-312,7.5013e-304,1.5032e-295,1.1302e-287,3.1882e-280,3.3745e-273,1.3401e-266,1.9968e-260,1.1163e-254,2.3415e-249,1.8428e-244,5.4414e-240,6.0286e-236,2.506e-232,3.9085e-229,2.2872e-226,5.0218e-224,4.1369e-222,1.2787e-220,1.4829e-219,6.4521e-219
2.712e-205,1.6612e-205,3.8178e-206,3.2921e-207,1.0651e-208,1.2929e-210,5.8888e-213,1.0063e-215,6.4521e-219,1.5522e-222,1.401e-226,4.7445e-231,6.0286e-236,2.8741e-241,5.141e-247,3.4503e-253,8.6883e-260,8.2087e-267,2.9099e-274,3.8702e-282,1.9313e-290,3.6162e-299,2.5404e-308,6.6959e-318,0,0,0,0,0,0,0,0,0,0,0,0,0,0,0,0,0,0,0,0,0,0,0,0,0,0,0,0,0,0,0,0,0,0,0,0,0,0,0,0,0,0,0,0,0,0,0,0,0,0,0,0,0,6.6959e-318,2.5404e-308,3.6162e-299,1.9313e-290,3.8702e-282,2.9099e-274,8.2087e-267,8.6883e-260,3.4503e-253,5.141e-247,2.8741e-241,6.0286e-236,4.7445e-231,1.401e-226,1.5522e-222,6.4521e-219,1.0063e-215,5.8888e-213,1.2929e-210,1.0651e-208,3.2921e-207,3.8178e-206,1.6612e-205
