0,0.0059758,0.022723,0.046994,0.074253,0.099723,0.11939,0.1307,0.13287,0.12669,0.11409,0.09753,0.079455,0.061874,0.046172,0.033086,0.022806,0.015145,0.0097025,0.0060035,0.0035917,0.0020795,0.0011661,0.0006338,0.00033411,0.00017091,8.4883e-05,4.0944e-05,1.9188e-05,8.7386e-06,3.8684e-06,1.6649e-06,6.967e-07,2.835e-07,1.1219e-07,4.3179e-08,1.6163e-08,5.8847e-09,2.0839e-09,7.1778e-10,2.4048e-10,7.8366e-11,2.484e-11,7.6587e-12,2.2968e-12,6.7001e-13,1.9011e-13,5.247e-14,1.4086e-14,3.6782e-15,9.3427e-16,3.6782e-15,1.4086e-14,5.247e-14,1.9011e-13,6.7001e-13,2.2968e-12,7.6587e-12,2.484e-11,7.8366e-11,2.4048e-10,7.1778e-10,2.0839e-09,5.8847e-09,1.6163e-08,4.3179e-08,1.1219e-07,2.835e-07,6.967e-07,1.6649e-06,3.8684e-06,8.7386e-06,1.9188e-05,4.0944e-05,8.4883e-05,0.00017091,0.00033411,0.0006338,0.0011661,0.0020795,0.0035917,0.0060035,0.0097025,0.015145,0.022806,0.033086,0.046172,0.061874,0.079455,0.09753,0.11409,0.12669,0.13287,0.1307,0.11939,0.099723,0.074253,0.046994,0.022723,0.0059758
0.0059758,0.011752,0.027929,0.051343,0.077577,0.10198,0.12066,0.13116,0.13271,0.12614,0.11333,0.096726,0.078702,0.06123,0.045658,0.032698,0.022529,0.014956,0.0095785,0.0059255,0.0035444,0.0020518,0.0011504,0.00062525,0.00032958,0.00016859,8.3724e-05,4.0384e-05,1.8925e-05,8.6187e-06,3.8154e-06,1.642e-06,6.8713e-07,2.7961e-07,1.1065e-07,4.2586e-08,1.5941e-08,5.8038e-09,2.0553e-09,7.0791e-10,2.3717e-10,7.7289e-11,2.4499e-11,7.5534e-12,2.2653e-12,6.608e-13,1.875e-13,5.1748e-14,1.3892e-14,3.6277e-15,9.2142e-16,3.6277e-15,1.3892e-14,5.1748e-14,1.875e-13,6.608e-13,2.2653e-12,7.5534e-12,2.4499e-11,7.7289e-11,2.3717e-10,7.0791e-10,2.0553e-09,5.8038e-09,1.5941e-08,4.2586e-08,1.1065e-07,2.7961e-07,6.8713e-07,1.642e-06,3.8154e-06,8.6187e-06,1.8925e-05,4.0384e-05,8.3724e-05,0.00016859,0.00032958,0.00062525,0.0011504,0.0020518,0.0035444,0.0059255,0.0095785,0.014956,0.022529,0.032698,0.045658,0.06123,0.078702,0.096726,0.11333,0.12614,0.13271,0.13116,0.12066,0.10198,0.077577,0.051343,0.027929,0.011752
0.022723,0.027929,0.042482,0.063456,0.086775,0.10816,0.12405,0.13222,0.13206,0.12439,0.11104,0.094317,0.076465,0.059326,0.044143,0.031561,0.021716,0.014401,0.0092156,0.0056973,0.0034061,0.0019709,0.0011048,0.00060026,0.00031635,0.0001618,8.0343e-05,3.8749e-05,1.8158e-05,8.2691e-06,3.6604e-06,1.5753e-06,6.592e-07,2.6824e-07,1.0615e-07,4.0854e-08,1.5293e-08,5.5677e-09,1.9717e-09,6.7912e-10,2.2752e-10,7.4145e-11,2.3502e-11,7.2461e-12,2.1731e-12,6.3392e-13,1.7987e-13,4.9643e-14,1.3327e-14,3.4801e-15,8.8394e-16,3.4801e-15,1.3327e-14,4.9643e-14,1.7987e-13,6.3392e-13,2.1731e-12,7.2461e-12,2.3502e-11,7.4145e-11,2.2752e-10,6.7912e-10,1.9717e-09,5.5677e-09,1.5293e-08,4.0854e-08,1.0615e-07,2.6824e-07,6.592e-07,1.5753e-06,3.6604e-06,8.2691e-06,1.8158e-05,3.8749e-05,8.0343e-05,0.0001618,0.00031635,0.00060026,0.0011048,0.0019709,0.0034061,0.0056973,0.0092156,0.014401,0.021716,0.031561,0.044143,0.059326,0.076465,0.094317,0.11104,0.12439,0.13206,0.13222,0.12405,0.10816,0.086775,0.063456,0.042482,0.027929
0.046994,0.051343,0.063456,0.08077,0.099723,0.1166,0.12834,0.1331,0.13044,0.12121,0.10713,0.090325,0.072816,0.056248,0.041711,0.029742,0.020421,0.013519,0.00864,0.0053357,0.0031872,0.0018431,0.0010326,0.00056081,0.00029546,0.00015108,7.5006e-05,3.6171e-05,1.6948e-05,7.7175e-06,3.4161e-06,1.4701e-06,6.1515e-07,2.5031e-07,9.9054e-08,3.8123e-08,1.427e-08,5.1955e-09,1.8398e-09,6.3371e-10,2.1231e-10,6.9187e-11,2.1931e-11,6.7616e-12,2.0278e-12,5.9152e-13,1.6784e-13,4.6323e-14,1.2436e-14,3.2474e-15,8.2483e-16,3.2474e-15,1.2436e-14,4.6323e-14,1.6784e-13,5.9152e-13,2.0278e-12,6.7616e-12,2.1931e-11,6.9187e-11,2.1231e-10,6.3371e-10,1.8398e-09,5.1955e-09,1.427e-08,3.8123e-08,9.9054e-08,2.5031e-07,6.1515e-07,1.4701e-06,3.4161e-06,7.7175e-06,1.6948e-05,3.6171e-05,7.5006e-05,0.00015108,0.00029546,0.00056081,0.0010326,0.0018431,0.0031872,0.0053357,0.00864,0.013519,0.020421,0.029742,0.041711,0.056248,0.072816,0.090325,0.10713,0.12121,0.13044,0.1331,0.12834,0.1166,0.099723,0.08077,0.063456,0.051343
0.074253,0.077577,0.086775,0.099723,0.11349,0.12504,0.13192,0.13271,0.12722,0.11631,0.10155,0.084821,0.067886,0.052144,0.038496,0.027352,0.018728,0.012371,0.0078918,0.0048667,0.0029038,0.0016777,0.00093925,0.00050985,0.0002685,0.00013725,6.8124e-05,3.2846e-05,1.5388e-05,7.0064e-06,3.1011e-06,1.3345e-06,5.5839e-07,2.2721e-07,8.991e-08,3.4603e-08,1.2952e-08,4.7157e-09,1.6699e-09,5.7518e-10,1.927e-10,6.2797e-11,1.9905e-11,6.1371e-12,1.8405e-12,5.369e-13,1.5234e-13,4.2045e-14,1.1287e-14,2.9475e-15,7.4865e-16,2.9475e-15,1.1287e-14,4.2045e-14,1.5234e-13,5.369e-13,1.8405e-12,6.1371e-12,1.9905e-11,6.2797e-11,1.927e-10,5.7518e-10,1.6699e-09,4.7157e-09,1.2952e-08,3.4603e-08,8.991e-08,2.2721e-07,5.5839e-07,1.3345e-06,3.1011e-06,7.0064e-06,1.5388e-05,3.2846e-05,6.8124e-05,0.00013725,0.0002685,0.00050985,0.00093925,0.0016777,0.0029038,0.0048667,0.0078918,0.012371,0.018728,0.027352,0.038496,0.052144,0.067886,0.084821,0.10155,0.11631,0.12722,0.13271,0.13192,0.12504,0.11349,0.099723,0.086775,0.077577
0.099723,0.10198,0.10816,0.1166,0.12504,0.13116,0.13314,0.13004,0.12187,0.10949,0.094317,0.077953,0.061874,0.047215,0.034675,0.024535,0.016743,0.01103,0.0070211,0.0043224,0.0025755,0.0014864,0.00083145,0.00045104,0.00023741,0.00012131,6.0193e-05,2.9015e-05,1.3591e-05,6.1875e-06,2.7384e-06,1.1783e-06,4.9303e-07,2.0061e-07,7.9381e-08,3.055e-08,1.1435e-08,4.1634e-09,1.4743e-09,5.0781e-10,1.7013e-10,5.5442e-11,1.7574e-11,5.4183e-12,1.6249e-12,4.7401e-13,1.345e-13,3.712e-14,9.9653e-15,2.6022e-15,6.6096e-16,2.6022e-15,9.9653e-15,3.712e-14,1.345e-13,4.7401e-13,1.6249e-12,5.4183e-12,1.7574e-11,5.5442e-11,1.7013e-10,5.0781e-10,1.4743e-09,4.1634e-09,1.1435e-08,3.055e-08,7.9381e-08,2.0061e-07,4.9303e-07,1.1783e-06,2.7384e-06,6.1875e-06,1.3591e-05,2.9015e-05,6.0193e-05,0.00012131,0.00023741,0.00045104,0.00083145,0.0014864,0.0025755,0.0043224,0.0070211,0.01103,0.016743,0.024535,0.034675,0.047215,0.061874,0.077953,0.094317,0.10949,0.12187,0.13004,0.13314,0.13116,0.12504,0.1166,0.10816,0.10198
0.11939,0.12066,0.12405,0.12834,0.13192,0.13314,0.13081,0.12439,0.11409,0.10075,0.085599,0.069973,0.055051,0.041711,0.030458,0.021451,0.014584,0.0095785,0.0060826,0.0037373,0.0022234,0.0012816,0.0007162,0.00038822,0.00020423,0.0001043,5.1739e-05,2.4934e-05,1.1677e-05,5.3154e-06,2.3522e-06,1.0121e-06,4.2344e-07,1.7228e-07,6.8173e-08,2.6236e-08,9.8205e-09,3.5754e-09,1.2661e-09,4.3609e-10,1.461e-10,4.7611e-11,1.5091e-11,4.653e-12,1.3954e-12,4.0706e-13,1.155e-13,3.1877e-14,8.5578e-15,2.2347e-15,5.676e-16,2.2347e-15,8.5578e-15,3.1877e-14,1.155e-13,4.0706e-13,1.3954e-12,4.653e-12,1.5091e-11,4.7611e-11,1.461e-10,4.3609e-10,1.2661e-09,3.5754e-09,9.8205e-09,2.6236e-08,6.8173e-08,1.7228e-07,4.2344e-07,1.0121e-06,2.3522e-06,5.3154e-06,1.1677e-05,2.4934e-05,5.1739e-05,0.0001043,0.00020423,0.00038822,0.0007162,0.0012816,0.0022234,0.0037373,0.0060826,0.0095785,0.014584,0.021451,0.030458,0.041711,0.055051,0.069973,0.085599,0.10075,0.11409,0.12439,0.13081,0.13314,0.13192,0.12834,0.12405,0.12066
0.1307,0.13116,0.13222,0.1331,0.13271,0.13004,0.12439,0.11557,0.10395,0.090325,0.075728,0.06123,0.047744,0.035911,0.026066,0.018269,0.012371,0.0080989,0.0051296,0.0031451,0.001868,0.0010753,0.00060026,0.00032511,0.00017091,8.7248e-05,4.3262e-05,2.0843e-05,9.759e-06,4.4416e-06,1.9653e-06,8.4554e-07,3.5374e-07,1.4392e-07,5.6948e-08,2.1916e-08,8.2033e-09,2.9866e-09,1.0576e-09,3.6427e-10,1.2204e-10,3.977e-11,1.2606e-11,3.8867e-12,1.1656e-12,3.4002e-13,9.6478e-14,2.6627e-14,7.1484e-15,1.8666e-15,4.7412e-16,1.8666e-15,7.1484e-15,2.6627e-14,9.6478e-14,3.4002e-13,1.1656e-12,3.8867e-12,1.2606e-11,3.977e-11,1.2204e-10,3.6427e-10,1.0576e-09,2.9866e-09,8.2033e-09,2.1916e-08,5.6948e-08,1.4392e-07,3.5374e-07,8.4554e-07,1.9653e-06,4.4416e-06,9.759e-06,2.0843e-05,4.3262e-05,8.7248e-05,0.00017091,0.00032511,0.00060026,0.0010753,0.001868,0.0031451,0.0051296,0.0080989,0.012371,0.018269,0.026066,0.035911,0.047744,0.06123,0.075728,0.090325,0.10395,0.11557,0.12439,0.13004,0.13271,0.1331,0.13222,0.13116
0.13287,0.13271,0.13206,0.13044,0.12722,0.12187,0.11409,0.10395,0.091917,0.078702,0.065167,0.052144,0.040306,0.030098,0.021716,0.015145,0.010214,0.0066647,0.0042098,0.0025755,0.001527,0.00087776,0.00048945,0.00026486,0.00013914,7.0993e-05,3.5188e-05,1.6948e-05,7.9335e-06,3.6102e-06,1.5972e-06,6.8713e-07,2.8745e-07,1.1695e-07,4.6273e-08,1.7807e-08,6.6654e-09,2.4266e-09,8.593e-10,2.9597e-10,9.9158e-11,3.2313e-11,1.0242e-11,3.1579e-12,9.4705e-13,2.7626e-13,7.8388e-14,2.1635e-14,5.808e-15,1.5166e-15,3.8523e-16,1.5166e-15,5.808e-15,2.1635e-14,7.8388e-14,2.7626e-13,9.4705e-13,3.1579e-12,1.0242e-11,3.2313e-11,9.9158e-11,2.9597e-10,8.593e-10,2.4266e-09,6.6654e-09,1.7807e-08,4.6273e-08,1.1695e-07,2.8745e-07,6.8713e-07,1.5972e-06,3.6102e-06,7.9335e-06,1.6948e-05,3.5188e-05,7.0993e-05,0.00013914,0.00026486,0.00048945,0.00087776,0.001527,0.0025755,0.0042098,0.0066647,0.010214,0.015145,0.021716,0.030098,0.040306,0.052144,0.065167,0.078702,0.091917,0.10395,0.11409,0.12187,0.12722,0.13044,0.13206,0.13271
0.12669,0.12614,0.12439,0.12121,0.11631,0.10949,0.10075,0.090325,0.078702,0.066517,0.05446,0.043157,0.033086,0.024535,0.017599,0.012214,0.0082045,0.0053357,0.0033611,0.0020518,0.0012143,0.00069702,0.00038822,0.0002099,0.00011019,5.6192e-05,2.784e-05,1.3405e-05,6.2736e-06,2.8543e-06,1.2627e-06,5.4315e-07,2.2721e-07,9.2433e-08,3.6572e-08,1.4074e-08,5.2679e-09,1.9178e-09,6.7912e-10,2.3391e-10,7.8366e-11,2.5537e-11,8.0947e-12,2.4957e-12,7.4847e-13,2.1833e-13,6.1951e-14,1.7098e-14,4.5902e-15,1.1986e-15,3.0445e-16,1.1986e-15,4.5902e-15,1.7098e-14,6.1951e-14,2.1833e-13,7.4847e-13,2.4957e-12,8.0947e-12,2.5537e-11,7.8366e-11,2.3391e-10,6.7912e-10,1.9178e-09,5.2679e-09,1.4074e-08,3.6572e-08,9.2433e-08,2.2721e-07,5.4315e-07,1.2627e-06,2.8543e-06,6.2736e-06,1.3405e-05,2.784e-05,5.6192e-05,0.00011019,0.0002099,0.00038822,0.00069702,0.0012143,0.0020518,0.0033611,0.0053357,0.0082045,0.012214,0.017599,0.024535,0.033086,0.043157,0.05446,0.066517,0.078702,0.090325,0.10075,0.10949,0.11631,0.12121,0.12439,0.12614
0.11409,0.11333,0.11104,0.10713,0.10155,0.094317,0.085599,0.075728,0.065167,0.05446,0.044143,0.034675,0.026382,0.019437,0.013866,0.0095785,0.0064089,0.0041545,0.0026101,0.0015899,0.00093925,0.00053838,0.00029953,0.0001618,8.4883e-05,4.3262e-05,2.1425e-05,1.0313e-05,4.8254e-06,2.1951e-06,9.7094e-07,4.1762e-07,1.7468e-07,7.1062e-08,2.8116e-08,1.082e-08,4.0497e-09,1.4743e-09,5.2207e-10,1.7982e-10,6.0243e-11,1.9632e-11,6.2227e-12,1.9186e-12,5.7537e-13,1.6784e-13,4.7624e-14,1.3144e-14,3.5286e-15,9.2142e-16,2.3404e-16,9.2142e-16,3.5286e-15,1.3144e-14,4.7624e-14,1.6784e-13,5.7537e-13,1.9186e-12,6.2227e-12,1.9632e-11,6.0243e-11,1.7982e-10,5.2207e-10,1.4743e-09,4.0497e-09,1.082e-08,2.8116e-08,7.1062e-08,1.7468e-07,4.1762e-07,9.7094e-07,2.1951e-06,4.8254e-06,1.0313e-05,2.1425e-05,4.3262e-05,8.4883e-05,0.0001618,0.00029953,0.00053838,0.00093925,0.0015899,0.0026101,0.0041545,0.0064089,0.0095785,0.013866,0.019437,0.026382,0.034675,0.044143,0.05446,0.065167,0.075728,0.085599,0.094317,0.10155,0.10713,0.11104,0.11333
0.09753,0.096726,0.094317,0.090325,0.084821,0.077953,0.069973,0.06123,0.052144,0.043157,0.034675,0.027025,0.020421,0.014956,0.010614,0.0073005,0.0048667,0.0031451,0.0019709,0.001198,0.00070655,0.00040444,0.00022476,0.00012131,6.3597e-05,3.2397e-05,1.6038e-05,7.7175e-06,3.6102e-06,1.642e-06,7.2621e-07,3.1233e-07,1.3064e-07,5.3141e-08,2.1025e-08,8.0906e-09,3.0282e-09,1.1024e-09,3.9038e-10,1.3446e-10,4.5046e-11,1.4679e-11,4.653e-12,1.4346e-12,4.3023e-13,1.255e-13,3.561e-14,9.8283e-15,2.6385e-15,6.8899e-16,1.75e-16,6.8899e-16,2.6385e-15,9.8283e-15,3.561e-14,1.255e-13,4.3023e-13,1.4346e-12,4.653e-12,1.4679e-11,4.5046e-11,1.3446e-10,3.9038e-10,1.1024e-09,3.0282e-09,8.0906e-09,2.1025e-08,5.3141e-08,1.3064e-07,3.1233e-07,7.2621e-07,1.642e-06,3.6102e-06,7.7175e-06,1.6038e-05,3.2397e-05,6.3597e-05,0.00012131,0.00022476,0.00040444,0.00070655,0.001198,0.0019709,0.0031451,0.0048667,0.0073005,0.010614,0.014956,0.020421,0.027025,0.034675,0.043157,0.052144,0.06123,0.069973,0.077953,0.084821,0.090325,0.094317,0.096726
0.079455,0.078702,0.076465,0.072816,0.067886,0.061874,0.055051,0.047744,0.040306,0.033086,0.026382,0.020421,0.015337,0.011172,0.0078918,0.0054062,0.0035917,0.0023145,0.0014469,0.00087776,0.00051684,0.00029546,0.00016403,8.8455e-05,4.6345e-05,2.3596e-05,1.1677e-05,5.6173e-06,2.6272e-06,1.1947e-06,5.2833e-07,2.2721e-07,9.5027e-08,3.8654e-08,1.5293e-08,5.8847e-09,2.2025e-09,8.0183e-10,2.8393e-10,9.7795e-11,3.2763e-11,1.0677e-11,3.3842e-12,1.0434e-12,3.1292e-13,9.1281e-14,2.59e-14,7.1484e-15,1.919e-15,5.0112e-16,1.2728e-16,5.0112e-16,1.919e-15,7.1484e-15,2.59e-14,9.1281e-14,3.1292e-13,1.0434e-12,3.3842e-12,1.0677e-11,3.2763e-11,9.7795e-11,2.8393e-10,8.0183e-10,2.2025e-09,5.8847e-09,1.5293e-08,3.8654e-08,9.5027e-08,2.2721e-07,5.2833e-07,1.1947e-06,2.6272e-06,5.6173e-06,1.1677e-05,2.3596e-05,4.6345e-05,8.8455e-05,0.00016403,0.00029546,0.00051684,0.00087776,0.0014469,0.0023145,0.0035917,0.0054062,0.0078918,0.011172,0.015337,0.020421,0.026382,0.033086,0.040306,0.047744,0.055051,0.061874,0.067886,0.072816,0.076465,0.078702
0.061874,0.06123,0.059326,0.056248,0.052144,0.047215,0.041711,0.035911,0.030098,0.024535,0.019437,0.014956,0.011172,0.0080989,0.0056973,0.0038887,0.0025755,0.0016553,0.0010326,0.00062525,0.00036761,0.0002099,0.00011641,6.2729e-05,3.2846e-05,1.6716e-05,8.2691e-06,3.9768e-06,1.8596e-06,8.4554e-07,3.7387e-07,1.6077e-07,6.7236e-08,2.7348e-08,1.082e-08,4.1634e-09,1.5582e-09,5.6728e-10,2.0087e-10,6.9187e-11,2.3179e-11,7.5534e-12,2.3942e-12,7.3818e-13,2.2138e-13,6.4578e-14,1.8324e-14,5.0572e-15,1.3577e-15,3.5452e-16,9.0048e-17,3.5452e-16,1.3577e-15,5.0572e-15,1.8324e-14,6.4578e-14,2.2138e-13,7.3818e-13,2.3942e-12,7.5534e-12,2.3179e-11,6.9187e-11,2.0087e-10,5.6728e-10,1.5582e-09,4.1634e-09,1.082e-08,2.7348e-08,6.7236e-08,1.6077e-07,3.7387e-07,8.4554e-07,1.8596e-06,3.9768e-06,8.2691e-06,1.6716e-05,3.2846e-05,6.2729e-05,0.00011641,0.0002099,0.00036761,0.00062525,0.0010326,0.0016553,0.0025755,0.0038887,0.0056973,0.0080989,0.011172,0.014956,0.019437,0.024535,0.030098,0.035911,0.041711,0.047215,0.052144,0.056248,0.059326,0.06123
0.046172,0.045658,0.044143,0.041711,0.038496,0.034675,0.030458,0.026066,0.021716,0.017599,0.013866,0.010614,0.0078918,0.0056973,0.003993,0.0027167,0.0017942,0.0011504,0.0007162,0.00043297,0.00025421,0.00014499,8.0343e-05,4.3262e-05,2.264e-05,1.1517e-05,5.6954e-06,2.7384e-06,1.2803e-06,5.8204e-07,2.5733e-07,1.1065e-07,4.6273e-08,1.8821e-08,7.4458e-09,2.8651e-09,1.0723e-09,3.9038e-10,1.3823e-10,4.7611e-11,1.5951e-11,5.1979e-12,1.6476e-12,5.0798e-13,1.5234e-13,4.4439e-14,1.2609e-14,3.4801e-15,9.3427e-16,2.4396e-16,6.1966e-17,2.4396e-16,9.3427e-16,3.4801e-15,1.2609e-14,4.4439e-14,1.5234e-13,5.0798e-13,1.6476e-12,5.1979e-12,1.5951e-11,4.7611e-11,1.3823e-10,3.9038e-10,1.0723e-09,2.8651e-09,7.4458e-09,1.8821e-08,4.6273e-08,1.1065e-07,2.5733e-07,5.8204e-07,1.2803e-06,2.7384e-06,5.6954e-06,1.1517e-05,2.264e-05,4.3262e-05,8.0343e-05,0.00014499,0.00025421,0.00043297,0.0007162,0.0011504,0.0017942,0.0027167,0.003993,0.0056973,0.0078918,0.010614,0.013866,0.017599,0.021716,0.026066,0.030458,0.034675,0.038496,0.041711,0.044143,0.045658
0.033086,0.032698,0.031561,0.029742,0.027352,0.024535,0.021451,0.018269,0.015145,0.012214,0.0095785,0.0073005,0.0054062,0.0038887,0.0027167,0.0018431,0.0012143,0.00077695,0.00048283,0.00029145,0.00017091,9.7383e-05,5.3919e-05,2.9015e-05,1.5177e-05,7.7175e-06,3.8154e-06,1.8341e-06,8.5731e-07,3.8971e-07,1.7228e-07,7.4075e-08,3.0976e-08,1.2599e-08,4.9841e-09,1.9178e-09,7.1778e-10,2.613e-10,9.2527e-11,3.1869e-11,1.0677e-11,3.4792e-12,1.1028e-12,3.4002e-13,1.0197e-13,2.9746e-14,8.4401e-15,2.3294e-15,6.2536e-16,1.633e-16,4.1478e-17,1.633e-16,6.2536e-16,2.3294e-15,8.4401e-15,2.9746e-14,1.0197e-13,3.4002e-13,1.1028e-12,3.4792e-12,1.0677e-11,3.1869e-11,9.2527e-11,2.613e-10,7.1778e-10,1.9178e-09,4.9841e-09,1.2599e-08,3.0976e-08,7.4075e-08,1.7228e-07,3.8971e-07,8.5731e-07,1.8341e-06,3.8154e-06,7.7175e-06,1.5177e-05,2.9015e-05,5.3919e-05,9.7383e-05,0.00017091,0.00029145,0.00048283,0.00077695,0.0012143,0.0018431,0.0027167,0.0038887,0.0054062,0.0073005,0.0095785,0.012214,0.015145,0.018269,0.021451,0.024535,0.027352,0.029742,0.031561,0.032698
0.022806,0.022529,0.021716,0.020421,0.018728,0.016743,0.014584,0.012371,0.010214,0.0082045,0.0064089,0.0048667,0.0035917,0.0025755,0.0017942,0.0012143,0.00079831,0.00050985,0.00031635,0.00019071,0.00011172,6.3597e-05,3.5188e-05,1.8925e-05,9.8946e-06,5.0296e-06,2.4859e-06,1.1947e-06,5.5839e-07,2.538e-07,1.1219e-07,4.8235e-08,2.017e-08,8.2033e-09,3.2452e-09,1.2487e-09,4.6734e-10,1.7013e-10,6.0243e-11,2.0749e-11,6.9514e-12,2.2653e-12,7.1802e-13,2.2138e-13,6.6391e-14,1.9367e-14,5.4952e-15,1.5166e-15,4.0716e-16,1.0632e-16,2.7005e-17,1.0632e-16,4.0716e-16,1.5166e-15,5.4952e-15,1.9367e-14,6.6391e-14,2.2138e-13,7.1802e-13,2.2653e-12,6.9514e-12,2.0749e-11,6.0243e-11,1.7013e-10,4.6734e-10,1.2487e-09,3.2452e-09,8.2033e-09,2.017e-08,4.8235e-08,1.1219e-07,2.538e-07,5.5839e-07,1.1947e-06,2.4859e-06,5.0296e-06,9.8946e-06,1.8925e-05,3.5188e-05,6.3597e-05,0.00011172,0.00019071,0.00031635,0.00050985,0.00079831,0.0012143,0.0017942,0.0025755,0.0035917,0.0048667,0.0064089,0.0082045,0.010214,0.012371,0.014584,0.016743,0.018728,0.020421,0.021716,0.022529
0.015145,0.014956,0.014401,0.013519,0.012371,0.01103,0.0095785,0.0080989,0.0066647,0.0053357,0.0041545,0.0031451,0.0023145,0.0016553,0.0011504,0.00077695,0.00050985,0.00032511,0.00020145,0.00012131,7.0993e-05,4.0384e-05,2.233e-05,1.2004e-05,6.2736e-06,3.188e-06,1.5753e-06,7.5698e-07,3.5374e-07,1.6077e-07,7.1062e-08,3.055e-08,1.2774e-08,5.1955e-09,2.0553e-09,7.9081e-10,2.9597e-10,1.0775e-10,3.8152e-11,1.3141e-11,4.4023e-12,1.4346e-12,4.5473e-13,1.402e-13,4.2045e-14,1.2265e-14,3.4801e-15,9.6049e-16,2.5785e-16,6.7333e-17,1.7102e-17,6.7333e-17,2.5785e-16,9.6049e-16,3.4801e-15,1.2265e-14,4.2045e-14,1.402e-13,4.5473e-13,1.4346e-12,4.4023e-12,1.3141e-11,3.8152e-11,1.0775e-10,2.9597e-10,7.9081e-10,2.0553e-09,5.1955e-09,1.2774e-08,3.055e-08,7.1062e-08,1.6077e-07,3.5374e-07,7.5698e-07,1.5753e-06,3.188e-06,6.2736e-06,1.2004e-05,2.233e-05,4.0384e-05,7.0993e-05,0.00012131,0.00020145,0.00032511,0.00050985,0.00077695,0.0011504,0.0016553,0.0023145,0.0031451,0.0041545,0.0053357,0.0066647,0.0080989,0.0095785,0.01103,0.012371,0.013519,0.014401,0.014956
0.0097025,0.0095785,0.0092156,0.00864,0.0078918,0.0070211,0.0060826,0.0051296,0.0042098,0.0033611,0.0026101,0.0019709,0.0014469,0.0010326,0.0007162,0.00048283,0.00031635,0.00020145,0.00012468,7.5006e-05,4.3862e-05,2.4934e-05,1.378e-05,7.4043e-06,3.8684e-06,1.9653e-06,9.7094e-07,4.6649e-07,2.1797e-07,9.9054e-08,4.3781e-08,1.8821e-08,7.8697e-09,3.2006e-09,1.2661e-09,4.8716e-10,1.8232e-10,6.6372e-11,2.3502e-11,8.0947e-12,2.7119e-12,8.8372e-13,2.8011e-13,8.6364e-14,2.59e-14,7.5553e-15,2.1438e-15,5.9167e-16,1.5884e-16,4.1478e-17,1.0535e-17,4.1478e-17,1.5884e-16,5.9167e-16,2.1438e-15,7.5553e-15,2.59e-14,8.6364e-14,2.8011e-13,8.8372e-13,2.7119e-12,8.0947e-12,2.3502e-11,6.6372e-11,1.8232e-10,4.8716e-10,1.2661e-09,3.2006e-09,7.8697e-09,1.8821e-08,4.3781e-08,9.9054e-08,2.1797e-07,4.6649e-07,9.7094e-07,1.9653e-06,3.8684e-06,7.4043e-06,1.378e-05,2.4934e-05,4.3862e-05,7.5006e-05,0.00012468,0.00020145,0.00031635,0.00048283,0.0007162,0.0010326,0.0014469,0.0019709,0.0026101,0.0033611,0.0042098,0.0051296,0.0060826,0.0070211,0.0078918,0.00864,0.0092156,0.0095785
0.0060035,0.0059255,0.0056973,0.0053357,0.0048667,0.0043224,0.0037373,0.0031451,0.0025755,0.0020518,0.0015899,0.001198,0.00087776,0.00062525,0.00043297,0.00029145,0.00019071,0.00012131,7.5006e-05,4.5086e-05,2.6347e-05,1.4969e-05,8.2691e-06,4.4416e-06,2.3199e-06,1.1783e-06,5.8204e-07,2.7961e-07,1.3064e-07,5.9362e-08,2.6236e-08,1.1278e-08,4.7157e-09,1.9178e-09,7.5864e-10,2.919e-10,1.0925e-10,3.977e-11,1.4082e-11,4.8503e-12,1.6249e-12,5.2952e-13,1.6784e-13,5.1748e-14,1.5519e-14,4.5271e-15,1.2845e-15,3.5452e-16,9.5175e-17,2.4853e-17,6.3126e-18,2.4853e-17,9.5175e-17,3.5452e-16,1.2845e-15,4.5271e-15,1.5519e-14,5.1748e-14,1.6784e-13,5.2952e-13,1.6249e-12,4.8503e-12,1.4082e-11,3.977e-11,1.0925e-10,2.919e-10,7.5864e-10,1.9178e-09,4.7157e-09,1.1278e-08,2.6236e-08,5.9362e-08,1.3064e-07,2.7961e-07,5.8204e-07,1.1783e-06,2.3199e-06,4.4416e-06,8.2691e-06,1.4969e-05,2.6347e-05,4.5086e-05,7.5006e-05,0.00012131,0.00019071,0.00029145,0.00043297,0.00062525,0.00087776,0.001198,0.0015899,0.0020518,0.0025755,0.0031451,0.0037373,0.0043224,0.0048667,0.0053357,0.0056973,0.0059255
0.0035917,0.0035444,0.0034061,0.0031872,0.0029038,0.0025755,0.0022234,0.001868,0.001527,0.0012143,0.00093925,0.00070655,0.00051684,0.00036761,0.00025421,0.00017091,0.00011172,7.0993e-05,4.3862e-05,2.6347e-05,1.5388e-05,8.7386e-06,4.8254e-06,2.5911e-06,1.3531e-06,6.8713e-07,3.3936e-07,1.6301e-07,7.6153e-08,3.4603e-08,1.5293e-08,6.5737e-09,2.7486e-09,1.1178e-09,4.4217e-10,1.7013e-10,6.3673e-11,2.3179e-11,8.2075e-12,2.8269e-12,9.4705e-13,3.0862e-13,9.7822e-14,3.016e-14,9.045e-15,2.6385e-15,7.4865e-16,2.0663e-16,5.547e-17,1.4485e-17,3.6791e-18,1.4485e-17,5.547e-17,2.0663e-16,7.4865e-16,2.6385e-15,9.045e-15,3.016e-14,9.7822e-14,3.0862e-13,9.4705e-13,2.8269e-12,8.2075e-12,2.3179e-11,6.3673e-11,1.7013e-10,4.4217e-10,1.1178e-09,2.7486e-09,6.5737e-09,1.5293e-08,3.4603e-08,7.6153e-08,1.6301e-07,3.3936e-07,6.8713e-07,1.3531e-06,2.5911e-06,4.8254e-06,8.7386e-06,1.5388e-05,2.6347e-05,4.3862e-05,7.0993e-05,0.00011172,0.00017091,0.00025421,0.00036761,0.00051684,0.00070655,0.00093925,0.0012143,0.001527,0.001868,0.0022234,0.0025755,0.0029038,0.0031872,0.0034061,0.0035444
0.0020795,0.0020518,0.0019709,0.0018431,0.0016777,0.0014864,0.0012816,0.0010753,0.00087776,0.00069702,0.00053838,0.00040444,0.00029546,0.0002099,0.00014499,9.7383e-05,6.3597e-05,4.0384e-05,2.4934e-05,1.4969e-05,8.7386e-06,4.9606e-06,2.7384e-06,1.4701e-06,7.6752e-07,3.8971e-07,1.9245e-07,9.2433e-08,4.3179e-08,1.9619e-08,8.6703e-09,3.7269e-09,1.5582e-09,6.3371e-10,2.5067e-10,9.645e-11,3.6097e-11,1.3141e-11,4.653e-12,1.6026e-12,5.369e-13,1.7496e-13,5.5457e-14,1.7098e-14,5.1277e-15,1.4958e-15,4.2442e-16,1.1714e-16,3.1447e-17,8.2117e-18,2.0857e-18,8.2117e-18,3.1447e-17,1.1714e-16,4.2442e-16,1.4958e-15,5.1277e-15,1.7098e-14,5.5457e-14,1.7496e-13,5.369e-13,1.6026e-12,4.653e-12,1.3141e-11,3.6097e-11,9.645e-11,2.5067e-10,6.3371e-10,1.5582e-09,3.7269e-09,8.6703e-09,1.9619e-08,4.3179e-08,9.2433e-08,1.9245e-07,3.8971e-07,7.6752e-07,1.4701e-06,2.7384e-06,4.9606e-06,8.7386e-06,1.4969e-05,2.4934e-05,4.0384e-05,6.3597e-05,9.7383e-05,0.00014499,0.0002099,0.00029546,0.00040444,0.00053838,0.00069702,0.00087776,0.0010753,0.0012816,0.0014864,0.0016777,0.0018431,0.0019709,0.0020518
0.0011661,0.0011504,0.0011048,0.0010326,0.00093925,0.00083145,0.0007162,0.00060026,0.00048945,0.00038822,0.00029953,0.00022476,0.00016403,0.00011641,8.0343e-05,5.3919e-05,3.5188e-05,2.233e-05,1.378e-05,8.2691e-06,4.8254e-06,2.7384e-06,1.5113e-06,8.1117e-07,4.2344e-07,2.1497e-07,1.0615e-07,5.098e-08,2.3814e-08,1.082e-08,4.7814e-09,2.0553e-09,8.593e-10,3.4945e-10,1.3823e-10,5.3186e-11,1.9905e-11,7.2461e-12,2.5658e-12,8.8372e-13,2.9606e-13,9.6478e-14,3.0581e-14,9.4285e-15,2.8276e-15,8.2483e-16,2.3404e-16,6.4594e-17,1.7341e-17,4.5282e-18,1.1501e-18,4.5282e-18,1.7341e-17,6.4594e-17,2.3404e-16,8.2483e-16,2.8276e-15,9.4285e-15,3.0581e-14,9.6478e-14,2.9606e-13,8.8372e-13,2.5658e-12,7.2461e-12,1.9905e-11,5.3186e-11,1.3823e-10,3.4945e-10,8.593e-10,2.0553e-09,4.7814e-09,1.082e-08,2.3814e-08,5.098e-08,1.0615e-07,2.1497e-07,4.2344e-07,8.1117e-07,1.5113e-06,2.7384e-06,4.8254e-06,8.2691e-06,1.378e-05,2.233e-05,3.5188e-05,5.3919e-05,8.0343e-05,0.00011641,0.00016403,0.00022476,0.00029953,0.00038822,0.00048945,0.00060026,0.0007162,0.00083145,0.00093925,0.0010326,0.0011048,0.0011504
0.0006338,0.00062525,0.00060026,0.00056081,0.00050985,0.00045104,0.00038822,0.00032511,0.00026486,0.0002099,0.0001618,0.00012131,8.8455e-05,6.2729e-05,4.3262e-05,2.9015e-05,1.8925e-05,1.2004e-05,7.4043e-06,4.4416e-06,2.5911e-06,1.4701e-06,8.1117e-07,4.3531e-07,2.2721e-07,1.1534e-07,5.6948e-08,2.7348e-08,1.2774e-08,5.8038e-09,2.5648e-09,1.1024e-09,4.6092e-10,1.8744e-10,7.4145e-11,2.8528e-11,1.0677e-11,3.8867e-12,1.3762e-12,4.7401e-13,1.588e-13,5.1748e-14,1.6403e-14,5.0572e-15,1.5166e-15,4.4242e-16,1.2553e-16,3.4647e-17,9.3012e-18,2.4288e-18,6.1691e-19,2.4288e-18,9.3012e-18,3.4647e-17,1.2553e-16,4.4242e-16,1.5166e-15,5.0572e-15,1.6403e-14,5.1748e-14,1.588e-13,4.7401e-13,1.3762e-12,3.8867e-12,1.0677e-11,2.8528e-11,7.4145e-11,1.8744e-10,4.6092e-10,1.1024e-09,2.5648e-09,5.8038e-09,1.2774e-08,2.7348e-08,5.6948e-08,1.1534e-07,2.2721e-07,4.3531e-07,8.1117e-07,1.4701e-06,2.5911e-06,4.4416e-06,7.4043e-06,1.2004e-05,1.8925e-05,2.9015e-05,4.3262e-05,6.2729e-05,8.8455e-05,0.00012131,0.0001618,0.0002099,0.00026486,0.00032511,0.00038822,0.00045104,0.00050985,0.00056081,0.00060026,0.00062525
0.00033411,0.00032958,0.00031635,0.00029546,0.0002685,0.00023741,0.00020423,0.00017091,0.00013914,0.00011019,8.4883e-05,6.3597e-05,4.6345e-05,3.2846e-05,2.264e-05,1.5177e-05,9.8946e-06,6.2736e-06,3.8684e-06,2.3199e-06,1.3531e-06,7.6752e-07,4.2344e-07,2.2721e-07,1.1858e-07,6.0189e-08,2.9716e-08,1.427e-08,6.6654e-09,3.0282e-09,1.3382e-09,5.7518e-10,2.4048e-10,9.7795e-11,3.8684e-11,1.4884e-11,5.5704e-12,2.0278e-12,7.1802e-13,2.473e-13,8.2851e-14,2.6999e-14,8.5578e-15,2.6385e-15,7.9128e-16,2.3082e-16,6.5494e-17,1.8076e-17,4.8527e-18,1.2672e-18,3.2186e-19,1.2672e-18,4.8527e-18,1.8076e-17,6.5494e-17,2.3082e-16,7.9128e-16,2.6385e-15,8.5578e-15,2.6999e-14,8.2851e-14,2.473e-13,7.1802e-13,2.0278e-12,5.5704e-12,1.4884e-11,3.8684e-11,9.7795e-11,2.4048e-10,5.7518e-10,1.3382e-09,3.0282e-09,6.6654e-09,1.427e-08,2.9716e-08,6.0189e-08,1.1858e-07,2.2721e-07,4.2344e-07,7.6752e-07,1.3531e-06,2.3199e-06,3.8684e-06,6.2736e-06,9.8946e-06,1.5177e-05,2.264e-05,3.2846e-05,4.6345e-05,6.3597e-05,8.4883e-05,0.00011019,0.00013914,0.00017091,0.00020423,0.00023741,0.0002685,0.00029546,0.00031635,0.00032958
0.00017091,0.00016859,0.0001618,0.00015108,0.00013725,0.00012131,0.0001043,8.7248e-05,7.0993e-05,5.6192e-05,4.3262e-05,3.2397e-05,2.3596e-05,1.6716e-05,1.1517e-05,7.7175e-06,5.0296e-06,3.188e-06,1.9653e-06,1.1783e-06,6.8713e-07,3.8971e-07,2.1497e-07,1.1534e-07,6.0189e-08,3.055e-08,1.5082e-08,7.2425e-09,3.3828e-09,1.5368e-09,6.7912e-10,2.919e-10,1.2204e-10,4.963e-11,1.9632e-11,7.5534e-12,2.8269e-12,1.0291e-12,3.6438e-13,1.255e-13,4.2045e-14,1.3701e-14,4.3429e-15,1.339e-15,4.0156e-16,1.1714e-16,3.3237e-17,9.1733e-18,2.4627e-18,6.4307e-19,1.6334e-19,6.4307e-19,2.4627e-18,9.1733e-18,3.3237e-17,1.1714e-16,4.0156e-16,1.339e-15,4.3429e-15,1.3701e-14,4.2045e-14,1.255e-13,3.6438e-13,1.0291e-12,2.8269e-12,7.5534e-12,1.9632e-11,4.963e-11,1.2204e-10,2.919e-10,6.7912e-10,1.5368e-09,3.3828e-09,7.2425e-09,1.5082e-08,3.055e-08,6.0189e-08,1.1534e-07,2.1497e-07,3.8971e-07,6.8713e-07,1.1783e-06,1.9653e-06,3.188e-06,5.0296e-06,7.7175e-06,1.1517e-05,1.6716e-05,2.3596e-05,3.2397e-05,4.3262e-05,5.6192e-05,7.0993e-05,8.7248e-05,0.0001043,0.00012131,0.00013725,0.00015108,0.0001618,0.00016859
8.4883e-05,8.3724e-05,8.0343e-05,7.5006e-05,6.8124e-05,6.0193e-05,5.1739e-05,4.3262e-05,3.5188e-05,2.784e-05,2.1425e-05,1.6038e-05,1.1677e-05,8.2691e-06,5.6954e-06,3.8154e-06,2.4859e-06,1.5753e-06,9.7094e-07,5.8204e-07,3.3936e-07,1.9245e-07,1.0615e-07,5.6948e-08,2.9716e-08,1.5082e-08,7.4458e-09,3.5754e-09,1.6699e-09,7.5864e-10,3.3524e-10,1.4409e-10,6.0243e-11,2.4499e-11,9.6907e-12,3.7286e-12,1.3954e-12,5.0798e-13,1.7987e-13,6.1951e-14,2.0755e-14,6.7633e-15,2.1438e-15,6.6096e-16,1.9822e-16,5.7822e-17,1.6407e-17,4.5282e-18,1.2156e-18,3.1744e-19,8.0628e-20,3.1744e-19,1.2156e-18,4.5282e-18,1.6407e-17,5.7822e-17,1.9822e-16,6.6096e-16,2.1438e-15,6.7633e-15,2.0755e-14,6.1951e-14,1.7987e-13,5.0798e-13,1.3954e-12,3.7286e-12,9.6907e-12,2.4499e-11,6.0243e-11,1.4409e-10,3.3524e-10,7.5864e-10,1.6699e-09,3.5754e-09,7.4458e-09,1.5082e-08,2.9716e-08,5.6948e-08,1.0615e-07,1.9245e-07,3.3936e-07,5.8204e-07,9.7094e-07,1.5753e-06,2.4859e-06,3.8154e-06,5.6954e-06,8.2691e-06,1.1677e-05,1.6038e-05,2.1425e-05,2.784e-05,3.5188e-05,4.3262e-05,5.1739e-05,6.0193e-05,6.8124e-05,7.5006e-05,8.0343e-05,8.3724e-05
4.0944e-05,4.0384e-05,3.8749e-05,3.6171e-05,3.2846e-05,2.9015e-05,2.4934e-05,2.0843e-05,1.6948e-05,1.3405e-05,1.0313e-05,7.7175e-06,5.6173e-06,3.9768e-06,2.7384e-06,1.8341e-06,1.1947e-06,7.5698e-07,4.6649e-07,2.7961e-07,1.6301e-07,9.2433e-08,5.098e-08,2.7348e-08,1.427e-08,7.2425e-09,3.5754e-09,1.7168e-09,8.0183e-10,3.6427e-10,1.6097e-10,6.9187e-11,2.8926e-11,1.1763e-11,4.653e-12,1.7903e-12,6.7001e-13,2.439e-13,8.6364e-14,2.9746e-14,9.9653e-15,3.2474e-15,1.0293e-15,3.1736e-16,9.5175e-17,2.7763e-17,7.8776e-18,2.1742e-18,5.8368e-19,1.5242e-19,3.8713e-20,1.5242e-19,5.8368e-19,2.1742e-18,7.8776e-18,2.7763e-17,9.5175e-17,3.1736e-16,1.0293e-15,3.2474e-15,9.9653e-15,2.9746e-14,8.6364e-14,2.439e-13,6.7001e-13,1.7903e-12,4.653e-12,1.1763e-11,2.8926e-11,6.9187e-11,1.6097e-10,3.6427e-10,8.0183e-10,1.7168e-09,3.5754e-09,7.2425e-09,1.427e-08,2.7348e-08,5.098e-08,9.2433e-08,1.6301e-07,2.7961e-07,4.6649e-07,7.5698e-07,1.1947e-06,1.8341e-06,2.7384e-06,3.9768e-06,5.6173e-06,7.7175e-06,1.0313e-05,1.3405e-05,1.6948e-05,2.0843e-05,2.4934e-05,2.9015e-05,3.2846e-05,3.6171e-05,3.8749e-05,4.0384e-05
1.9188e-05,1.8925e-05,1.8158e-05,1.6948e-05,1.5388e-05,1.3591e-05,1.1677e-05,9.759e-06,7.9335e-06,6.2736e-06,4.8254e-06,3.6102e-06,2.6272e-06,1.8596e-06,1.2803e-06,8.5731e-07,5.5839e-07,3.5374e-07,2.1797e-07,1.3064e-07,7.6153e-08,4.3179e-08,2.3814e-08,1.2774e-08,6.6654e-09,3.3828e-09,1.6699e-09,8.0183e-10,3.745e-10,1.7013e-10,7.5178e-11,3.2313e-11,1.3509e-11,5.4938e-12,2.1731e-12,8.3612e-13,3.1292e-13,1.1391e-13,4.0335e-14,1.3892e-14,4.6542e-15,1.5166e-15,4.8073e-16,1.4822e-16,4.445e-17,1.2966e-17,3.6791e-18,1.0154e-18,2.726e-19,7.1184e-20,1.808e-20,7.1184e-20,2.726e-19,1.0154e-18,3.6791e-18,1.2966e-17,4.445e-17,1.4822e-16,4.8073e-16,1.5166e-15,4.6542e-15,1.3892e-14,4.0335e-14,1.1391e-13,3.1292e-13,8.3612e-13,2.1731e-12,5.4938e-12,1.3509e-11,3.2313e-11,7.5178e-11,1.7013e-10,3.745e-10,8.0183e-10,1.6699e-09,3.3828e-09,6.6654e-09,1.2774e-08,2.3814e-08,4.3179e-08,7.6153e-08,1.3064e-07,2.1797e-07,3.5374e-07,5.5839e-07,8.5731e-07,1.2803e-06,1.8596e-06,2.6272e-06,3.6102e-06,4.8254e-06,6.2736e-06,7.9335e-06,9.759e-06,1.1677e-05,1.3591e-05,1.5388e-05,1.6948e-05,1.8158e-05,1.8925e-05
8.7386e-06,8.6187e-06,8.2691e-06,7.7175e-06,7.0064e-06,6.1875e-06,5.3154e-06,4.4416e-06,3.6102e-06,2.8543e-06,2.1951e-06,1.642e-06,1.1947e-06,8.4554e-07,5.8204e-07,3.8971e-07,2.538e-07,1.6077e-07,9.9054e-08,5.9362e-08,3.4603e-08,1.9619e-08,1.082e-08,5.8038e-09,3.0282e-09,1.5368e-09,7.5864e-10,3.6427e-10,1.7013e-10,7.7289e-11,3.4153e-11,1.4679e-11,6.1371e-12,2.4957e-12,9.8721e-13,3.7984e-13,1.4215e-13,5.1748e-14,1.8324e-14,6.311e-15,2.1143e-15,6.8899e-16,2.1839e-16,6.7333e-17,2.0193e-17,5.8904e-18,1.6714e-18,4.6129e-19,1.2384e-19,3.2337e-20,8.2137e-21,3.2337e-20,1.2384e-19,4.6129e-19,1.6714e-18,5.8904e-18,2.0193e-17,6.7333e-17,2.1839e-16,6.8899e-16,2.1143e-15,6.311e-15,1.8324e-14,5.1748e-14,1.4215e-13,3.7984e-13,9.8721e-13,2.4957e-12,6.1371e-12,1.4679e-11,3.4153e-11,7.7289e-11,1.7013e-10,3.6427e-10,7.5864e-10,1.5368e-09,3.0282e-09,5.8038e-09,1.082e-08,1.9619e-08,3.4603e-08,5.9362e-08,9.9054e-08,1.6077e-07,2.538e-07,3.8971e-07,5.8204e-07,8.4554e-07,1.1947e-06,1.642e-06,2.1951e-06,2.8543e-06,3.6102e-06,4.4416e-06,5.3154e-06,6.1875e-06,7.0064e-06,7.7175e-06,8.2691e-06,8.6187e-06
3.8684e-06,3.8154e-06,3.6604e-06,3.4161e-06,3.1011e-06,2.7384e-06,2.3522e-06,1.9653e-06,1.5972e-06,1.2627e-06,9.7094e-07,7.2621e-07,5.2833e-07,3.7387e-07,2.5733e-07,1.7228e-07,1.1219e-07,7.1062e-08,4.3781e-08,2.6236e-08,1.5293e-08,8.6703e-09,4.7814e-09,2.5648e-09,1.3382e-09,6.7912e-10,3.3524e-10,1.6097e-10,7.5178e-11,3.4153e-11,1.5091e-11,6.4865e-12,2.7119e-12,1.1028e-12,4.3623e-13,1.6784e-13,6.2815e-14,2.2866e-14,8.0968e-15,2.7887e-15,9.3427e-16,3.0445e-16,9.6501e-17,2.9753e-17,8.9228e-18,2.6029e-18,7.3854e-19,2.0383e-19,5.4721e-20,1.4289e-20,3.6294e-21,1.4289e-20,5.4721e-20,2.0383e-19,7.3854e-19,2.6029e-18,8.9228e-18,2.9753e-17,9.6501e-17,3.0445e-16,9.3427e-16,2.7887e-15,8.0968e-15,2.2866e-14,6.2815e-14,1.6784e-13,4.3623e-13,1.1028e-12,2.7119e-12,6.4865e-12,1.5091e-11,3.4153e-11,7.5178e-11,1.6097e-10,3.3524e-10,6.7912e-10,1.3382e-09,2.5648e-09,4.7814e-09,8.6703e-09,1.5293e-08,2.6236e-08,4.3781e-08,7.1062e-08,1.1219e-07,1.7228e-07,2.5733e-07,3.7387e-07,5.2833e-07,7.2621e-07,9.7094e-07,1.2627e-06,1.5972e-06,1.9653e-06,2.3522e-06,2.7384e-06,3.1011e-06,3.4161e-06,3.6604e-06,3.8154e-06
1.6649e-06,1.642e-06,1.5753e-06,1.4701e-06,1.3345e-06,1.1783e-06,1.0121e-06,8.4554e-07,6.8713e-07,5.4315e-07,4.1762e-07,3.1233e-07,2.2721e-07,1.6077e-07,1.1065e-07,7.4075e-08,4.8235e-08,3.055e-08,1.8821e-08,1.1278e-08,6.5737e-09,3.7269e-09,2.0553e-09,1.1024e-09,5.7518e-10,2.919e-10,1.4409e-10,6.9187e-11,3.2313e-11,1.4679e-11,6.4865e-12,2.788e-12,1.1656e-12,4.7401e-13,1.875e-13,7.214e-14,2.6999e-14,9.8283e-15,3.4801e-15,1.1986e-15,4.0156e-16,1.3086e-16,4.1478e-17,1.2788e-17,3.8351e-18,1.1187e-18,3.1744e-19,8.7611e-20,2.352e-20,6.1417e-21,1.56e-21,6.1417e-21,2.352e-20,8.7611e-20,3.1744e-19,1.1187e-18,3.8351e-18,1.2788e-17,4.1478e-17,1.3086e-16,4.0156e-16,1.1986e-15,3.4801e-15,9.8283e-15,2.6999e-14,7.214e-14,1.875e-13,4.7401e-13,1.1656e-12,2.788e-12,6.4865e-12,1.4679e-11,3.2313e-11,6.9187e-11,1.4409e-10,2.919e-10,5.7518e-10,1.1024e-09,2.0553e-09,3.7269e-09,6.5737e-09,1.1278e-08,1.8821e-08,3.055e-08,4.8235e-08,7.4075e-08,1.1065e-07,1.6077e-07,2.2721e-07,3.1233e-07,4.1762e-07,5.4315e-07,6.8713e-07,8.4554e-07,1.0121e-06,1.1783e-06,1.3345e-06,1.4701e-06,1.5753e-06,1.642e-06
6.967e-07,6.8713e-07,6.592e-07,6.1515e-07,5.5839e-07,4.9303e-07,4.2344e-07,3.5374e-07,2.8745e-07,2.2721e-07,1.7468e-07,1.3064e-07,9.5027e-08,6.7236e-08,4.6273e-08,3.0976e-08,2.017e-08,1.2774e-08,7.8697e-09,4.7157e-09,2.7486e-09,1.5582e-09,8.593e-10,4.6092e-10,2.4048e-10,1.2204e-10,6.0243e-11,2.8926e-11,1.3509e-11,6.1371e-12,2.7119e-12,1.1656e-12,4.8731e-13,1.9817e-13,7.8388e-14,3.016e-14,1.1287e-14,4.109e-15,1.455e-15,5.0112e-16,1.6788e-16,5.4708e-17,1.7341e-17,5.3464e-18,1.6034e-18,4.6772e-19,1.3271e-19,3.6628e-20,9.8331e-21,2.5677e-21,6.5219e-22,2.5677e-21,9.8331e-21,3.6628e-20,1.3271e-19,4.6772e-19,1.6034e-18,5.3464e-18,1.7341e-17,5.4708e-17,1.6788e-16,5.0112e-16,1.455e-15,4.109e-15,1.1287e-14,3.016e-14,7.8388e-14,1.9817e-13,4.8731e-13,1.1656e-12,2.7119e-12,6.1371e-12,1.3509e-11,2.8926e-11,6.0243e-11,1.2204e-10,2.4048e-10,4.6092e-10,8.593e-10,1.5582e-09,2.7486e-09,4.7157e-09,7.8697e-09,1.2774e-08,2.017e-08,3.0976e-08,4.6273e-08,6.7236e-08,9.5027e-08,1.3064e-07,1.7468e-07,2.2721e-07,2.8745e-07,3.5374e-07,4.2344e-07,4.9303e-07,5.5839e-07,6.1515e-07,6.592e-07,6.8713e-07
2.835e-07,2.7961e-07,2.6824e-07,2.5031e-07,2.2721e-07,2.0061e-07,1.7228e-07,1.4392e-07,1.1695e-07,9.2433e-08,7.1062e-08,5.3141e-08,3.8654e-08,2.7348e-08,1.8821e-08,1.2599e-08,8.2033e-09,5.1955e-09,3.2006e-09,1.9178e-09,1.1178e-09,6.3371e-10,3.4945e-10,1.8744e-10,9.7795e-11,4.963e-11,2.4499e-11,1.1763e-11,5.4938e-12,2.4957e-12,1.1028e-12,4.7401e-13,1.9817e-13,8.0589e-14,3.1877e-14,1.2265e-14,4.5902e-15,1.671e-15,5.9167e-16,2.0378e-16,6.8271e-17,2.2248e-17,7.0518e-18,2.1742e-18,6.5203e-19,1.902e-19,5.3969e-20,1.4895e-20,3.9987e-21,1.0442e-21,2.6522e-22,1.0442e-21,3.9987e-21,1.4895e-20,5.3969e-20,1.902e-19,6.5203e-19,2.1742e-18,7.0518e-18,2.2248e-17,6.8271e-17,2.0378e-16,5.9167e-16,1.671e-15,4.5902e-15,1.2265e-14,3.1877e-14,8.0589e-14,1.9817e-13,4.7401e-13,1.1028e-12,2.4957e-12,5.4938e-12,1.1763e-11,2.4499e-11,4.963e-11,9.7795e-11,1.8744e-10,3.4945e-10,6.3371e-10,1.1178e-09,1.9178e-09,3.2006e-09,5.1955e-09,8.2033e-09,1.2599e-08,1.8821e-08,2.7348e-08,3.8654e-08,5.3141e-08,7.1062e-08,9.2433e-08,1.1695e-07,1.4392e-07,1.7228e-07,2.0061e-07,2.2721e-07,2.5031e-07,2.6824e-07,2.7961e-07
1.1219e-07,1.1065e-07,1.0615e-07,9.9054e-08,8.991e-08,7.9381e-08,6.8173e-08,5.6948e-08,4.6273e-08,3.6572e-08,2.8116e-08,2.1025e-08,1.5293e-08,1.082e-08,7.4458e-09,4.9841e-09,3.2452e-09,2.0553e-09,1.2661e-09,7.5864e-10,4.4217e-10,2.5067e-10,1.3823e-10,7.4145e-11,3.8684e-11,1.9632e-11,9.6907e-12,4.653e-12,2.1731e-12,9.8721e-13,4.3623e-13,1.875e-13,7.8388e-14,3.1877e-14,1.2609e-14,4.8515e-15,1.8157e-15,6.6096e-16,2.3404e-16,8.0608e-17,2.7005e-17,8.8002e-18,2.7894e-18,8.6001e-19,2.5792e-19,7.5236e-20,2.1348e-20,5.8919e-21,1.5817e-21,4.1303e-22,1.0491e-22,4.1303e-22,1.5817e-21,5.8919e-21,2.1348e-20,7.5236e-20,2.5792e-19,8.6001e-19,2.7894e-18,8.8002e-18,2.7005e-17,8.0608e-17,2.3404e-16,6.6096e-16,1.8157e-15,4.8515e-15,1.2609e-14,3.1877e-14,7.8388e-14,1.875e-13,4.3623e-13,9.8721e-13,2.1731e-12,4.653e-12,9.6907e-12,1.9632e-11,3.8684e-11,7.4145e-11,1.3823e-10,2.5067e-10,4.4217e-10,7.5864e-10,1.2661e-09,2.0553e-09,3.2452e-09,4.9841e-09,7.4458e-09,1.082e-08,1.5293e-08,2.1025e-08,2.8116e-08,3.6572e-08,4.6273e-08,5.6948e-08,6.8173e-08,7.9381e-08,8.991e-08,9.9054e-08,1.0615e-07,1.1065e-07
4.3179e-08,4.2586e-08,4.0854e-08,3.8123e-08,3.4603e-08,3.055e-08,2.6236e-08,2.1916e-08,1.7807e-08,1.4074e-08,1.082e-08,8.0906e-09,5.8847e-09,4.1634e-09,2.8651e-09,1.9178e-09,1.2487e-09,7.9081e-10,4.8716e-10,2.919e-10,1.7013e-10,9.645e-11,5.3186e-11,2.8528e-11,1.4884e-11,7.5534e-12,3.7286e-12,1.7903e-12,8.3612e-13,3.7984e-13,1.6784e-13,7.214e-14,3.016e-14,1.2265e-14,4.8515e-15,1.8666e-15,6.9859e-16,2.5431e-16,9.0048e-17,3.1015e-17,1.039e-17,3.3859e-18,1.0732e-18,3.309e-19,9.9235e-20,2.8948e-20,8.2137e-21,2.2669e-21,6.0858e-22,1.5892e-22,4.0365e-23,1.5892e-22,6.0858e-22,2.2669e-21,8.2137e-21,2.8948e-20,9.9235e-20,3.309e-19,1.0732e-18,3.3859e-18,1.039e-17,3.1015e-17,9.0048e-17,2.5431e-16,6.9859e-16,1.8666e-15,4.8515e-15,1.2265e-14,3.016e-14,7.214e-14,1.6784e-13,3.7984e-13,8.3612e-13,1.7903e-12,3.7286e-12,7.5534e-12,1.4884e-11,2.8528e-11,5.3186e-11,9.645e-11,1.7013e-10,2.919e-10,4.8716e-10,7.9081e-10,1.2487e-09,1.9178e-09,2.8651e-09,4.1634e-09,5.8847e-09,8.0906e-09,1.082e-08,1.4074e-08,1.7807e-08,2.1916e-08,2.6236e-08,3.055e-08,3.4603e-08,3.8123e-08,4.0854e-08,4.2586e-08
1.6163e-08,1.5941e-08,1.5293e-08,1.427e-08,1.2952e-08,1.1435e-08,9.8205e-09,8.2033e-09,6.6654e-09,5.2679e-09,4.0497e-09,3.0282e-09,2.2025e-09,1.5582e-09,1.0723e-09,7.1778e-10,4.6734e-10,2.9597e-10,1.8232e-10,1.0925e-10,6.3673e-11,3.6097e-11,1.9905e-11,1.0677e-11,5.5704e-12,2.8269e-12,1.3954e-12,6.7001e-13,3.1292e-13,1.4215e-13,6.2815e-14,2.6999e-14,1.1287e-14,4.5902e-15,1.8157e-15,6.9859e-16,2.6145e-16,9.5175e-17,3.37e-17,1.1607e-17,3.8886e-18,1.2672e-18,4.0166e-19,1.2384e-19,3.7139e-20,1.0834e-20,3.074e-21,8.484e-22,2.2776e-22,5.9475e-23,1.5106e-23,5.9475e-23,2.2776e-22,8.484e-22,3.074e-21,1.0834e-20,3.7139e-20,1.2384e-19,4.0166e-19,1.2672e-18,3.8886e-18,1.1607e-17,3.37e-17,9.5175e-17,2.6145e-16,6.9859e-16,1.8157e-15,4.5902e-15,1.1287e-14,2.6999e-14,6.2815e-14,1.4215e-13,3.1292e-13,6.7001e-13,1.3954e-12,2.8269e-12,5.5704e-12,1.0677e-11,1.9905e-11,3.6097e-11,6.3673e-11,1.0925e-10,1.8232e-10,2.9597e-10,4.6734e-10,7.1778e-10,1.0723e-09,1.5582e-09,2.2025e-09,3.0282e-09,4.0497e-09,5.2679e-09,6.6654e-09,8.2033e-09,9.8205e-09,1.1435e-08,1.2952e-08,1.427e-08,1.5293e-08,1.5941e-08
5.8847e-09,5.8038e-09,5.5677e-09,5.1955e-09,4.7157e-09,4.1634e-09,3.5754e-09,2.9866e-09,2.4266e-09,1.9178e-09,1.4743e-09,1.1024e-09,8.0183e-10,5.6728e-10,3.9038e-10,2.613e-10,1.7013e-10,1.0775e-10,6.6372e-11,3.977e-11,2.3179e-11,1.3141e-11,7.2461e-12,3.8867e-12,2.0278e-12,1.0291e-12,5.0798e-13,2.439e-13,1.1391e-13,5.1748e-14,2.2866e-14,9.8283e-15,4.109e-15,1.671e-15,6.6096e-16,2.5431e-16,9.5175e-17,3.4647e-17,1.2268e-17,4.2254e-18,1.4156e-18,4.6129e-19,1.4622e-19,4.5081e-20,1.352e-20,3.9438e-21,1.119e-21,3.0884e-22,8.2912e-23,2.1651e-23,5.4992e-24,2.1651e-23,8.2912e-23,3.0884e-22,1.119e-21,3.9438e-21,1.352e-20,4.5081e-20,1.4622e-19,4.6129e-19,1.4156e-18,4.2254e-18,1.2268e-17,3.4647e-17,9.5175e-17,2.5431e-16,6.6096e-16,1.671e-15,4.109e-15,9.8283e-15,2.2866e-14,5.1748e-14,1.1391e-13,2.439e-13,5.0798e-13,1.0291e-12,2.0278e-12,3.8867e-12,7.2461e-12,1.3141e-11,2.3179e-11,3.977e-11,6.6372e-11,1.0775e-10,1.7013e-10,2.613e-10,3.9038e-10,5.6728e-10,8.0183e-10,1.1024e-09,1.4743e-09,1.9178e-09,2.4266e-09,2.9866e-09,3.5754e-09,4.1634e-09,4.7157e-09,5.1955e-09,5.5677e-09,5.8038e-09
