<?xml version="1.0"?>
<opencv_storage>
<covmat type_id="opencv-matrix">
  <rows>5</rows>
  <cols>5</cols>
  <dt>d</dt>
  <data>
    1.1832506133720909e+01 5.6935020304300012e+00 1.6973691988140971e+00
    2.7583080451427056e-01 -5.2070153934934549e-01
    5.6935020304300012e+00 5.5674729442988475e+00 3.1443259089893489e+00
    2.5880867922690082e-01 -4.1824503711532685e-01
    1.6973691988140971e+00 3.1443259089893489e+00 1.1594936494407573e+01
    -1.8598937266279308e-01 -9.1316007921459785e-01
    2.7583080451427056e-01 2.5880867922690082e-01
    -1.8598937266279308e-01 8.8026946368156334e-02
    -1.0225146270481352e-02 -5.2070153934934549e-01
    -4.1824503711532685e-01 -9.1316007921459785e-01
    -1.0225146270481352e-02 4.3401882319223400e-01</data></covmat>
<mean type_id="opencv-matrix">
  <rows>1</rows>
  <cols>5</cols>
  <dt>d</dt>
  <data>
    2.3056328412025207e+00 2.4495170385606828e+00 2.2554268952338927e+00
    4.5103359414685157e-01 4.3328793587223174e-01</data></mean>
</opencv_storage>
