<?xml version="1.0"?>
<opencv_storage>
<covmat type_id="opencv-matrix">
  <rows>5</rows>
  <cols>5</cols>
  <dt>d</dt>
  <data>
    3.2892075295070577e-01 2.3284052679313880e-01
    -2.0106945134198267e-01 5.9928213382076802e-02
    1.7129666510342817e-01 2.3284052679313880e-01 1.1063530705625091e+00
    1.7495773938754591e-01 4.2907180646568482e-02 6.8280989401150169e-02
    -2.0106945134198267e-01 1.7495773938754591e-01
    6.5833256018893382e-01 -7.6119141348937505e-02
    -2.1070044817970321e-01 5.9928213382076802e-02
    4.2907180646568482e-02 -7.6119141348937505e-02
    2.1240787901708625e-02 4.3576390248484136e-02 1.7129666510342817e-01
    6.8280989401150169e-02 -2.1070044817970321e-01
    4.3576390248484136e-02 1.2837019923759702e-01</data></covmat>
<mean type_id="opencv-matrix">
  <rows>1</rows>
  <cols>5</cols>
  <dt>d</dt>
  <data>
    1.2017896098475302e-01 1.4402300311673072e-01 2.1460976241336716e-01
    2.2003783333686088e-02 5.3884697537268357e-02</data></mean>
<trainingsets type_id="opencv-matrix">
  <rows>31</rows>
  <cols>5</cols>
  <dt>f</dt>
  <data>
    4.53392267e-02 1.08741522e-02 7.83336908e-02 1.03328228e-02
    3.24231982e-02 4.47344780e-02 7.60406256e-03 8.21441039e-02
    9.41032171e-03 4.42339778e-02 4.21331167e-01 1.78839803e-01
    -6.35092705e-02 5.52919507e-02 2.61560857e-01 2.46566415e-01
    1.48855507e-01 7.45148808e-02 4.96526361e-02 1.72980011e-01
    2.34080791e-01 4.35016155e-02 -1.84168052e-02 5.71095943e-02
    1.61569476e-01 3.14704180e-02 9.51528549e-03 6.32486343e-02
    1.12183690e-02 2.08592415e-02 9.93645191e-03 2.34061480e-03
    8.16231743e-02 1.02204084e-03 1.00851059e-02 1.65078521e-01
    3.52165699e-02 1.70914456e-02 3.58877182e-02 1.32076740e-01
    2.47239232e-01 5.24718165e-02 -1.02576986e-01 9.65149403e-02
    1.47461176e-01 2.03186870e-01 2.82866716e-01 9.96407643e-02
    8.48412514e-02 1.54186368e-01 2.54720092e-01 6.28416657e-01
    1.32719159e-01 7.99841285e-02 1.13180816e-01 2.46871352e-01
    4.00061965e-01 1.40526354e-01 2.43775845e-02 6.07163608e-02
    2.57230997e-02 1.44057393e-01 2.47966468e-01 9.78535414e-03
    6.49607182e-03 1.50331259e-02 2.94603705e-02 2.81404376e-01
    1.80453062e-03 8.13579559e-03 9.01746750e-03 1.50619268e-01
    2.84330964e-01 1.93619728e-03 6.51144981e-03 2.00123787e-02
    6.57709837e-02 2.87440658e-01 5.53190708e-04 5.10108471e-03
    2.26211548e-02 2.52444744e-02 2.85778433e-01 6.14881516e-04
    4.63557243e-03 1.31847858e-02 3.05378437e-03 2.71511525e-01
    1.07270479e-03 3.66520882e-03 1.50372982e-02 2.47478485e-03
    3.06303829e-01 1.08855963e-03 8.73863697e-04 2.10699558e-01
    1.89594626e-01 3.63961637e-01 2.21650600e-02 3.69080901e-02
    9.88134146e-02 3.40417266e-01 3.51671278e-01 1.86055303e-02
    5.12116551e-02 5.52989244e-02 6.09797239e-03 3.13684464e-01
    1.63208246e-02 2.59559155e-02 4.88531590e-02 4.46722865e-01
    3.84048820e-01 1.07161999e-02 3.07902694e-02 1.97902441e-01
    4.52505708e-01 4.03906405e-01 6.52551651e-03 1.91303492e-02
    6.45264387e-02 7.25620985e-03 4.00129974e-01 1.64310932e-02
    7.40659237e-03 6.89086914e-02 7.00598955e-03 2.43163392e-01
    1.68142319e-02 1.41507387e-02 5.71353436e-02 3.43275070e-03
    3.06047499e-01 4.69905138e-03 1.21070743e-02 1.31163597e-01
    4.17035818e-03 3.66865993e-01 3.05187702e-03 1.50308609e-02
    2.05861807e-01 8.01372528e-03 3.20626944e-01 1.06001496e-02
    3.98463011e-02 1.72144651e-01 1.19312406e-01 2.36894131e-01
    1.00073218e-02 3.72411609e-02 1.43055439e-01 6.58937395e-01
    4.11826700e-01 1.36816502e-02 3.38942409e-02</data></trainingsets>
</opencv_storage>
