<?xml version="1.0"?>
<opencv_storage>
<covmat type_id="opencv-matrix">
  <rows>5</rows>
  <cols>5</cols>
  <dt>d</dt>
  <data>
    3.2000560562663638e-01 6.8332848510143096e-02
    -1.4489725423140401e-01 6.3394445055574927e-02
    2.4873243543554199e-01 6.8332848510143096e-02 1.0373092910100110e-01
    -1.1002484862892292e-03 3.0739748580651712e-02
    3.0273343194608639e-02 -1.4489725423140401e-01
    -1.1002484862892292e-03 1.7277752150727146e+00
    -1.5374937484094815e-02 -7.1584844831631106e-02
    6.3394445055574927e-02 3.0739748580651712e-02
    -1.5374937484094815e-02 3.5610741638724186e-02
    6.0899463623113576e-02 2.4873243543554199e-01 3.0273343194608639e-02
    -7.1584844831631106e-02 6.0899463623113576e-02
    5.0023272532509255e-01</data></covmat>
<mean type_id="opencv-matrix">
  <rows>1</rows>
  <cols>5</cols>
  <dt>d</dt>
  <data>
    1.3493601653364395e-01 4.0003516290697358e-02 9.2520851089108369e-01
    4.6087995411888245e-02 2.1214254440799835e-01</data></mean>
<trainingsets type_id="opencv-matrix">
  <rows>31</rows>
  <cols>5</cols>
  <dt>f</dt>
  <data>
    1.86225295e-01 2.76460946e-02 9.55438733e-01 5.18652275e-02
    9.18719769e-02 1.86210334e-01 1.26674235e-01 8.77181172e-01
    1.58785850e-01 3.17203045e-01 5.40438294e-02 7.51345009e-02
    8.94839048e-01 2.46431082e-02 2.03926563e-02 2.83136088e-02
    4.32790965e-02 9.50443387e-01 1.17563605e-02 9.10291672e-02
    5.48616350e-02 4.56523001e-02 9.35648978e-01 1.36971325e-02
    5.17632961e-02 5.33868372e-02 4.90467548e-02 9.26815391e-01
    2.00247914e-02 3.01909447e-02 3.92641425e-02 9.54116881e-03
    9.20695305e-01 4.90103662e-03 4.58695889e-02 1.53154135e-02
    1.39644891e-02 9.27798212e-01 1.06010437e-02 3.34846973e-02
    3.04849684e-01 1.44517317e-01 9.30821598e-01 2.00901926e-02
    4.18515682e-01 9.56158489e-02 1.32146999e-01 1.02929747e+00
    3.05039138e-02 8.17561150e-02 2.30831224e-02 1.48557976e-01
    1.00190735e+00 5.73186576e-02 9.65375900e-02 4.96576130e-02
    1.87303051e-02 9.70199287e-01 3.74485850e-02 1.10612154e-01
    7.54390359e-02 3.20232213e-02 1.02106035e+00 5.97497523e-02
    2.61479616e-01 2.86842167e-01 1.87523924e-02 1.10833013e+00
    8.50813985e-02 2.76304483e-01 2.48930186e-01 9.83368512e-03
    1.10718191e+00 4.12713587e-02 2.92328596e-01 1.06218398e-01
    5.08337887e-03 1.31529748e+00 5.59369028e-02 2.47956038e-01
    8.17523003e-02 4.20243992e-03 1.33722770e+00 4.65438068e-02
    1.78327680e-01 1.04868174e-01 8.38943757e-03 1.27853382e+00
    3.84198129e-02 1.93156719e-01 8.42261314e-02 2.69286032e-03
    1.23936820e+00 2.93315351e-02 2.75157094e-01 6.93879798e-02
    2.10762327e-03 1.23098576e+00 4.07873392e-02 3.33684087e-01
    2.60049820e-01 1.90046486e-02 1.11047006e+00 3.75167131e-02
    3.59879136e-01 1.63070172e-01 3.47643206e-03 4.63096201e-01
    4.28169072e-02 3.04346323e-01 1.68806821e-01 6.30376022e-03
    6.88363254e-01 2.51931548e-02 3.73851657e-01 4.24898863e-02
    5.09042758e-03 9.51502919e-01 4.47911024e-02 3.57388735e-01
    8.70495215e-02 3.20751965e-03 5.48665226e-01 3.64298224e-02
    3.61765862e-01 2.56276578e-01 2.42437199e-02 5.64619899e-01
    6.67831600e-02 3.43486786e-01 9.62663889e-02 7.20412750e-03
    8.76742899e-01 4.04202044e-02 1.05268955e-01 8.36503804e-02
    2.03971262e-03 4.77613568e-01 2.96589732e-02 1.66835070e-01
    2.80840993e-01 3.44837317e-03 5.82966387e-01 7.13533759e-02
    1.72537804e-01 1.61415011e-01 1.61934202e-03 6.39338255e-01
    4.28788066e-02 1.46449685e-01 4.34609205e-01 2.46494666e-01
    8.19013894e-01 1.52127832e-01 4.36987638e-01</data></trainingsets>
</opencv_storage>
