<?xml version="1.0"?>
<opencv_storage>
<covmat type_id="opencv-matrix">
  <rows>5</rows>
  <cols>5</cols>
  <dt>d</dt>
  <data>
    9.0060541434750307e-01 6.7864169547875346e-03 1.9368402227691500e-01
    2.9053101785164823e-04 2.8448014327701399e-01 6.7864169547875346e-03
    5.1908291834972214e-04 1.6896677522333318e-03 9.6752119924296191e-04
    1.2836577532601479e-02 1.9368402227691500e-01 1.6896677522333318e-03
    8.2735417638889275e-01 -1.4065418263062995e-02
    -8.0117853493795399e-01 2.9053101785164823e-04
    9.6752119924296191e-04 -1.4065418263062995e-02
    6.4245143503627908e-02 3.8668547559227001e-01 2.8448014327701399e-01
    1.2836577532601479e-02 -8.0117853493795399e-01
    3.8668547559227001e-01 4.4077584571931565e+00</data></covmat>
<mean type_id="opencv-matrix">
  <rows>1</rows>
  <cols>5</cols>
  <dt>d</dt>
  <data>
    6.6654739649065076e-01 9.9211307092299389e-03
    -1.1847270261346092e-01 1.4812438334188152e-01
    1.0996714292034027e+00</data></mean>
<trainingsets type_id="opencv-matrix">
  <rows>31</rows>
  <cols>5</cols>
  <dt>f</dt>
  <data>
    3.23415607e-01 1.22214016e-02 -1.52520761e-01 2.36623019e-01
    1.85394192e+00 4.42473382e-01 8.49862956e-03 -2.80604094e-01
    2.14700550e-01 1.52961099e+00 7.24591732e-01 1.27343535e-02
    -3.08648229e-01 1.87583119e-01 1.50906324e+00 7.36268818e-01
    6.58802083e-03 -2.13467851e-01 1.34713441e-01 1.38763356e+00
    6.90229654e-01 7.37809576e-03 -2.82661229e-01 1.02191627e-01
    1.22680092e+00 6.51660323e-01 5.79439662e-03 -2.35970050e-01
    9.16752219e-02 8.47656906e-01 8.86637032e-01 1.24636590e-02
    -2.74113029e-01 1.62898511e-01 1.09716761e+00 5.82826972e-01
    1.44031849e-02 -2.43778378e-01 1.61386251e-01 1.19748116e+00
    5.65072656e-01 1.46327019e-02 -1.41092017e-01 1.69605136e-01
    1.39775431e+00 6.22254252e-01 7.50459731e-03 -2.92591572e-01
    1.25901222e-01 1.13010883e+00 6.83001876e-01 4.98273969e-03
    -3.73764247e-01 1.21954799e-01 1.02674627e+00 5.71613729e-01
    8.38937797e-03 -3.02760929e-01 9.83268619e-02 7.12246299e-01
    2.93849796e-01 7.45342951e-03 -1.74319535e-01 7.16630220e-02
    4.21511650e-01 3.90440047e-01 7.52481818e-03 -1.27485842e-01
    1.65350795e-01 9.45610344e-01 6.81660950e-01 7.22192228e-03
    -1.17500454e-01 2.49075592e-01 1.69365573e+00 7.32392848e-01
    1.22865317e-02 -1.42639205e-01 2.27342755e-01 1.80949807e+00
    7.82368541e-01 1.05985645e-02 -1.96498230e-01 1.74691856e-01
    1.42239714e+00 8.34358871e-01 1.40797701e-02 -2.86283106e-01
    1.64644927e-01 1.50982022e+00 8.58836889e-01 9.95851122e-03
    -1.68241963e-01 1.50786877e-01 1.30510449e+00 6.74471080e-01
    1.12622557e-02 -7.48056844e-02 1.56370938e-01 1.00278878e+00
    6.67793870e-01 8.66052508e-03 -5.36328703e-02 1.15247935e-01
    1.07591116e+00 8.41021597e-01 7.16512464e-03 -5.71272522e-02
    1.27724916e-01 1.10502756e+00 6.70541525e-01 7.61372736e-03
    -3.04628187e-03 1.01455986e-01 8.25803280e-01 5.23781240e-01
    5.84717980e-03 5.28100738e-03 1.32977009e-01 7.93928802e-01
    7.55960345e-01 8.40340555e-03 5.73257990e-02 1.77576214e-01
    6.00910783e-01 6.51884735e-01 5.14477212e-03 1.72655344e-01
    8.12065303e-02 6.64115787e-01 8.33864987e-01 8.17658938e-03
    1.70115367e-01 1.17449641e-01 5.84741294e-01 3.64521474e-01
    1.33146821e-02 -6.14920519e-02 1.03379488e-01 4.26028192e-01
    1.03601849e+00 2.63074413e-02 6.25127405e-02 1.01853549e-01
    1.16737342e+00 7.74837732e-01 9.10223369e-03 1.36954457e-01
    1.78373337e-01 9.36934471e-01 8.14318240e-01 1.18424091e-02
    2.87546366e-01 1.87124759e-01 8.82441103e-01</data></trainingsets>
</opencv_storage>
