<?xml version="1.0"?>
<opencv_storage>
<covmat type_id="opencv-matrix">
  <rows>5</rows>
  <cols>5</cols>
  <dt>d</dt>
  <data>
    6.0224460789086087e-01 4.0794352515665366e+00
    -3.4589367730991089e-01 8.0477801706698271e-02
    1.1952188189803954e-01 4.0794352515665366e+00 3.7910596888499114e+01
    -4.4234930334938145e+00 4.7286399115690603e-01
    7.3890812471022493e-01 -3.4589367730991089e-01
    -4.4234930334938145e+00 1.2753613598673398e+01
    -2.8227384197378890e-03 -3.1787942629074795e-01
    8.0477801706698271e-02 4.7286399115690603e-01
    -2.8227384197378890e-03 1.4873864036094609e-02
    1.8706580190653490e-02 1.1952188189803954e-01 7.3890812471022493e-01
    -3.1787942629074795e-01 1.8706580190653490e-02
    5.3693065412884655e-02</data></covmat>
<mean type_id="opencv-matrix">
  <rows>1</rows>
  <cols>5</cols>
  <dt>d</dt>
  <data>
    1.1857513554634586e-01 9.7310111599583782e-01 1.8939430862665176e+00
    1.2144604998250161e-02 3.3701256398231752e-02</data></mean>
<trainingsets type_id="opencv-matrix">
  <rows>31</rows>
  <cols>5</cols>
  <dt>f</dt>
  <data>
    3.69683325e-01 2.58287287e+00 1.85032114e-01 5.01825511e-02
    2.26830304e-01 4.31008995e-01 3.72755027e+00 1.01589036e+00
    5.97156882e-02 5.52760959e-02 3.31657529e-02 1.77952003e+00
    1.31548452e+00 2.37351656e-03 1.24799609e-02 1.72806442e-01
    3.02789736e+00 1.57021475e+00 6.91124797e-03 1.75742805e-02
    1.45905554e-01 2.49971271e+00 2.77059102e+00 8.09311867e-03
    4.51784730e-02 2.80335844e-01 2.68289804e+00 2.44013500e+00
    1.48556232e-02 3.27498019e-02 6.67789578e-02 3.02521706e-01
    2.23403645e+00 8.09404254e-03 3.90425324e-03 7.74148107e-02
    2.05540180e-01 2.08287883e+00 2.60946155e-03 1.56286955e-02
    2.32463479e-02 4.35948372e-02 2.07970166e+00 1.35082006e-03
    1.07820630e-02 1.42791212e-01 4.03693676e-01 2.11303258e+00
    3.07771564e-03 1.04320347e-02 5.99344373e-01 3.38130546e+00
    2.45128727e+00 9.24029350e-02 1.00812316e-01 1.37384474e-01
    3.53676558e-01 3.10275555e+00 6.24864101e-02 6.14884496e-02
    3.49104702e-01 2.33820581e+00 2.05786204e+00 1.84980035e-02
    6.68247342e-02 6.58622086e-02 2.21428394e-01 1.20325315e+00
    4.04375792e-03 6.60515428e-02 6.78346455e-02 4.50056791e-01
    1.12180018e+00 5.19916415e-03 3.57040465e-02 1.06695414e-01
    9.21915293e-01 1.08956063e+00 2.20519304e-03 2.32726336e-02
    5.78693449e-02 8.28243017e-01 1.00454068e+00 3.66783142e-03
    2.95069218e-02 8.01566243e-02 4.48804855e-01 1.31576324e+00
    4.56628203e-03 1.17107630e-02 1.70029402e-02 2.42545128e-01
    1.25963259e+00 1.87599659e-03 1.54087842e-02 2.85493731e-02
    1.78252697e-01 1.27722967e+00 3.26678157e-03 1.89645588e-02
    9.64323282e-02 7.72317410e-01 1.96750414e+00 4.61819768e-03
    2.83191800e-02 2.05305815e-02 2.58916378e-01 2.29421592e+00
    3.55327129e-03 1.93689167e-02 3.51225138e-02 1.80847645e-01
    2.30291390e+00 1.00818276e-03 1.37226880e-02 5.18588424e-02
    2.00861931e-01 2.36170292e+00 2.96637416e-03 2.02239156e-02
    5.46922684e-02 3.02443027e-01 2.08347559e+00 1.65545940e-03
    2.39087045e-02 5.42013645e-02 5.27917385e-01 2.31169343e+00
    1.30900741e-03 1.48297548e-02 1.53223276e-02 6.31141663e-02
    2.51287603e+00 4.89443541e-04 5.43308258e-03 3.21104527e-02
    2.62939453e-01 2.28855419e+00 1.30641460e-03 4.31144238e-03
    1.26724839e-02 2.41807938e-01 2.14419127e+00 6.71356916e-04
    6.08706474e-03 2.04345584e-02 3.11896324e-01 2.19767642e+00
    1.28474832e-03 1.09900236e-02 2.95101404e-02 4.22837257e-01
    2.55674958e+00 2.14415789e-03 3.69634628e-02</data></trainingsets>
</opencv_storage>
