<?xml version="1.0"?>
<opencv_storage>
<evaluations type_id="opencv-matrix">
  <rows>7</rows>
  <cols>31</cols>
  <dt>f</dt>
  <data>
    2.27422908e-01 2.31935650e-01 3.60692382e-01 2.44265988e-01
    2.58835047e-01 1.91565290e-01 1.95307359e-01 2.27868393e-01
    6.29463077e-01 8.73565972e-02 1.17717125e-01 1.24462746e-01
    1.60904050e-01 1.44193709e-01 1.43470123e-01 1.55234829e-01
    1.41627952e-01 1.59235105e-01 2.52706766e-01 1.43077612e-01
    1.84029058e-01 2.09081486e-01 5.23617826e-02 7.25769028e-02
    3.64031866e-02 1.08237050e-01 4.34444211e-02 1.13914363e-01
    2.20875025e-01 2.01865792e-01 1.98551923e-01 6.27675951e-01
    6.68408513e-01 5.05961120e-01 8.05053234e-01 8.26119423e-01
    6.33022308e-01 6.68233097e-01 6.86746478e-01 3.84941578e-01
    5.92993200e-01 6.05803311e-01 6.53523505e-01 6.94022059e-01
    6.69720709e-01 6.89405560e-01 6.46203518e-01 6.32375777e-01
    4.94893134e-01 3.99100631e-01 6.31948233e-01 6.66262805e-01
    3.99115324e-01 5.96024394e-01 5.64136326e-01 5.99602044e-01
    5.19494772e-01 6.13285244e-01 5.46605051e-01 7.47985542e-01
    7.20403492e-01 7.36558557e-01 3.90855789e+00 3.96571445e+00
    3.72356248e+00 4.04389048e+00 4.08666658e+00 3.87150550e+00
    3.94802737e+00 3.97937274e+00 3.44863868e+00 3.90412998e+00
    3.87890196e+00 3.94251513e+00 4.01674175e+00 3.97297525e+00
    3.98806262e+00 3.95858526e+00 3.95233345e+00 3.80091095e+00
    3.66530871e+00 3.94577742e+00 3.98341823e+00 3.72056150e+00
    3.88067055e+00 3.86728406e+00 3.90609074e+00 3.81721354e+00
    3.91671443e+00 3.82595730e+00 4.06805897e+00 4.04151297e+00
    4.04389334e+00 7.65796721e-01 7.42947161e-01 7.39131093e-01
    7.11438954e-01 7.40193069e-01 6.90215468e-01 7.56253779e-01
    7.50488162e-01 8.97623897e-01 9.43915665e-01 9.35119987e-01
    9.46884751e-01 9.76131678e-01 9.70389009e-01 9.51412916e-01
    1.00016105e+00 9.92178261e-01 9.71273124e-01 9.19197679e-01
    9.92527664e-01 1.02544868e+00 9.12770689e-01 8.39574516e-01
    8.23178470e-01 8.68554890e-01 8.29338193e-01 8.60650480e-01
    9.12421048e-01 1.01264954e+00 1.01181483e+00 9.89916921e-01
    1.28692687e+00 1.31389105e+00 1.35256302e+00 1.33205485e+00
    1.32619476e+00 1.31087410e+00 1.28346539e+00 1.30737412e+00
    1.41828513e+00 1.05342710e+00 1.05725276e+00 1.05755854e+00
    1.05204165e+00 1.04226232e+00 1.06674218e+00 1.00787628e+00
    1.01456273e+00 1.01895308e+00 1.09966707e+00 1.01231694e+00
    9.90098357e-01 1.10132861e+00 1.15427744e+00 1.17366779e+00
    1.12935305e+00 1.16681445e+00 1.13858235e+00 1.07583976e+00
    1.03958499e+00 1.02772176e+00 1.05145919e+00 4.44039059e+00
    4.49239874e+00 4.25373936e+00 4.54487133e+00 4.59187078e+00
    4.37723494e+00 4.47592354e+00 4.50517368e+00 3.97083521e+00
    4.42864895e+00 4.38699389e+00 4.45181751e+00 4.53200150e+00
    4.48496246e+00 4.49812317e+00 4.47637558e+00 4.47288465e+00
    4.31626701e+00 4.18166542e+00 4.46573019e+00 4.50136471e+00
    4.24437141e+00 4.39904547e+00 4.38486958e+00 4.42221832e+00
    4.33740377e+00 4.42923641e+00 4.33520317e+00 4.58474541e+00
    4.56052065e+00 4.55787134e+00 0. 0. 0. 0. 0. 0. 0. 0. 1. 0. 0. 0. 0.
    0. 0. 0. 0. 0. 0. 0. 0. 0. 0. 0. 0. 0. 0. 0. 0. 0. 0.</data></evaluations>
</opencv_storage>
