<?xml version="1.0"?>
<opencv_storage>
<covmat type_id="opencv-matrix">
  <rows>5</rows>
  <cols>5</cols>
  <dt>d</dt>
  <data>
    1.6066925971983166e+00 4.3092582536374047e-02 3.9716755589983915e-01
    1.9458746743132016e-01 3.6817026070823120e+00 4.3092582536374047e-02
    2.6738979483989660e-02 1.4239827378074261e-02 1.5273282754110464e-02
    1.7969631436717254e-01 3.9716755589983915e-01 1.4239827378074261e-02
    8.2815497586601838e-01 1.7538334302564601e-01 1.9452888427671788e+00
    1.9458746743132016e-01 1.5273282754110464e-02 1.7538334302564601e-01
    2.1368175848307769e+00 2.8094316961624601e+00 3.6817026070823120e+00
    1.7969631436717254e-01 1.9452888427671788e+00 2.8094316961624601e+00
    3.1743681420028587e+01</data></covmat>
<mean type_id="opencv-matrix">
  <rows>1</rows>
  <cols>5</cols>
  <dt>d</dt>
  <data>
    1.3817611682799553e+00 1.5610648763756599e-01
    -2.6244789798323426e-01 1.4754323151803785e+00
    3.6259470601235666e+00</data></mean>
<trainingsets type_id="opencv-matrix">
  <rows>31</rows>
  <cols>5</cols>
  <dt>f</dt>
  <data>
    1.37700498e+00 1.57877550e-01 -3.32463048e-02 1.91723287e+00
    6.11469841e+00 1.51046550e+00 1.56366751e-01 -6.64677173e-02
    2.11046433e+00 4.92302179e+00 1.23638248e+00 1.44015908e-01
    -2.46504650e-01 1.88210905e+00 3.08291864e+00 1.56645310e+00
    1.53010488e-01 -1.88438162e-01 1.39139473e+00 4.13415623e+00
    1.35771227e+00 1.45687506e-01 -2.90053666e-01 1.73682439e+00
    3.11771989e+00 1.56153905e+00 1.56641334e-01 -2.71795452e-01
    1.69861126e+00 4.70690823e+00 1.63969159e+00 1.59322515e-01
    3.22972685e-02 1.23096037e+00 2.27293491e+00 1.53937781e+00
    1.52173966e-01 -2.46629730e-01 1.07942593e+00 4.01051664e+00
    1.70569086e+00 1.63820758e-01 2.32324260e-03 1.10429621e+00
    4.11668253e+00 9.24488068e-01 1.94795310e-01 -1.57971352e-01
    1.38853014e+00 3.95635557e+00 1.51103818e+00 1.60362557e-01
    -2.62918204e-01 1.62561035e+00 3.14292717e+00 1.54793441e+00
    2.42972046e-01 -3.16210687e-01 1.67502594e+00 3.38074780e+00
    1.39538693e+00 1.58150807e-01 -4.98349875e-01 1.71654189e+00
    4.03085995e+00 1.39486206e+00 1.51781216e-01 -2.99416631e-01
    1.42183661e+00 2.84679794e+00 9.40080523e-01 1.25842154e-01
    -2.78583795e-01 1.38713014e+00 1.96677649e+00 9.13861275e-01
    1.23236492e-01 -1.76740184e-01 1.23027813e+00 1.94144845e+00
    1.46093631e+00 1.61232099e-01 -3.44976604e-01 1.11875439e+00
    4.52699947e+00 1.50151062e+00 1.53546304e-01 -3.23717594e-01
    1.19815707e+00 3.88441849e+00 9.80498791e-01 1.82289630e-01
    -2.88883001e-01 1.38249922e+00 2.49903226e+00 1.39306796e+00
    2.34239295e-01 -3.34292471e-01 1.34987378e+00 4.04407263e+00
    1.50957584e+00 1.68477282e-01 -3.77043188e-01 1.28402710e+00
    2.86531377e+00 9.21178162e-01 1.35372430e-01 -8.40795279e-01
    1.21004045e+00 1.59765041e+00 1.18577254e+00 1.43789202e-01
    -3.47426355e-01 1.51049423e+00 3.82452226e+00 1.55549431e+00
    1.48128614e-01 -4.54187006e-01 1.51310456e+00 4.35629892e+00
    1.23833311e+00 7.23006651e-02 -3.54065329e-01 1.34342790e+00
    3.48020744e+00 1.58004379e+00 1.48870200e-01 -2.47883543e-01
    1.36403620e+00 3.24550152e+00 1.59042180e+00 1.63605645e-01
    -8.13093483e-02 1.41434193e+00 5.65827227e+00 1.59982860e+00
    1.50396749e-01 -2.54340976e-01 2.00075150e+00 4.17108536e+00
    1.33276546e+00 1.42658815e-01 -2.58826524e-01 1.64130855e+00
    2.90942621e+00 1.41288817e+00 1.49370283e-01 -4.99387160e-02
    1.47496009e+00 4.07107925e+00 1.45031166e+00 1.38966545e-01
    -2.79493004e-01 1.33635247e+00 3.52500796e+00</data></trainingsets>
</opencv_storage>
