<?xml version="1.0"?>
<opencv_storage>
<covmat type_id="opencv-matrix">
  <rows>5</rows>
  <cols>5</cols>
  <dt>d</dt>
  <data>
    4.4664197159795554e-01 1.8804725435479003e-01 1.9601354252021846e-01
    6.8783889224864544e-02 3.4132128674829643e-01 1.8804725435479003e-01
    1.4065187323406597e-01 1.5891811319445334e-01 3.5867668188662646e-02
    6.9205541634457649e-02 1.9601354252021846e-01 1.5891811319445334e-01
    3.7915427759178444e-01 3.8155491138477451e-02 2.5237277782358531e-02
    6.8783889224864544e-02 3.5867668188662646e-02 3.8155491138477451e-02
    1.6328767416451170e-02 4.2082291345731243e-02 3.4132128674829643e-01
    6.9205541634457649e-02 2.5237277782358531e-02 4.2082291345731243e-02
    4.0303175652209317e-01</data></covmat>
<mean type_id="opencv-matrix">
  <rows>1</rows>
  <cols>5</cols>
  <dt>d</dt>
  <data>
    1.5009329492045986e-01 3.7499740374304591e-02 8.9496552703842033e-02
    3.3625841621429689e-02 1.7773336364376929e-01</data></mean>
<trainingsets type_id="opencv-matrix">
  <rows>31</rows>
  <cols>5</cols>
  <dt>f</dt>
  <data>
    2.51107097e-01 1.84242189e-01 2.19798461e-01 7.82705843e-02
    1.45916581e-01 2.47622013e-01 1.42510176e-01 2.51950562e-01
    5.33408225e-02 9.72652435e-02 3.88412148e-01 1.97320595e-01
    2.48546124e-01 8.80845785e-02 3.17368269e-01 5.63251376e-02
    5.82346320e-03 2.92376727e-01 1.22390091e-02 8.68914127e-02
    5.58177233e-02 8.98876786e-03 2.82325804e-01 1.22870654e-02
    3.75322104e-02 1.94525331e-01 8.69307593e-02 2.62231916e-01
    2.61712670e-02 2.26585746e-01 1.99569404e-01 1.45622104e-01
    2.27834329e-01 7.15425909e-02 1.19153380e-01 2.21296787e-01
    1.54011562e-01 2.47227132e-01 5.34402430e-02 8.82486105e-02
    5.99969506e-01 1.95597365e-01 1.91584349e-01 6.53611124e-02
    5.74484229e-01 1.21077776e-01 1.15586910e-02 1.38843916e-02
    5.19236028e-02 1.69712782e-01 7.76399374e-02 1.45567954e-03
    1.89305600e-02 1.80929601e-02 2.23426104e-01 5.71409464e-02
    8.69092066e-04 2.06056628e-02 1.10640824e-02 1.61794662e-01
    6.20902181e-02 4.08309978e-04 1.07084922e-02 7.16248155e-03
    7.84261227e-02 5.47778606e-02 5.94258308e-04 4.34315996e-03
    9.26867127e-03 1.27729297e-01 4.45845127e-02 7.81625509e-04
    2.83171330e-02 6.31630421e-03 1.17611647e-01 7.17464685e-02
    9.13888216e-04 -3.00374459e-02 2.13892460e-02 1.31010890e-01
    9.02035236e-02 6.10247254e-04 -2.39227600e-02 2.78514922e-02
    1.30684733e-01 1.64971709e-01 1.51874102e-03 -2.95392238e-02
    2.67756581e-02 2.75832176e-01 2.42166609e-01 2.57117744e-03
    2.17395723e-02 5.34973145e-02 3.99492979e-01 8.41659307e-02
    6.27779868e-04 -2.56244820e-02 2.92549133e-02 1.39090300e-01
    6.01773262e-02 8.08122568e-04 -4.89846319e-02 1.52843297e-02
    1.07575774e-01 2.73175329e-01 3.24675161e-03 2.97415908e-02
    5.46688139e-02 3.30635786e-01 1.41769409e-01 2.51113484e-03
    1.13222614e-01 5.11999428e-02 2.01743603e-01 1.90780044e-01
    3.45976930e-03 1.27767369e-01 3.96369398e-02 2.08595753e-01
    1.41469419e-01 2.22350657e-03 8.88245553e-02 3.11899781e-02
    1.77581787e-01 2.14584351e-01 3.76519258e-03 1.15415454e-01
    5.22363186e-02 2.51218081e-01 1.32608801e-01 1.31240487e-03
    9.87685472e-02 2.07063258e-02 1.73339844e-01 1.30144835e-01
    8.42657639e-04 3.20622548e-02 2.25303471e-02 2.66124487e-01
    2.35122442e-02 7.21347053e-04 -7.41358055e-03 7.18522072e-03
    3.17207575e-02 4.00406718e-02 4.50897496e-04 -1.63302813e-02
    1.57112181e-02 5.22528887e-02 1.94190741e-02 1.93694141e-04
    8.03877879e-03 8.71765614e-03 6.06881380e-02</data></trainingsets>
</opencv_storage>
