<?xml version="1.0"?>
<opencv_storage>
<covmat type_id="opencv-matrix">
  <rows>5</rows>
  <cols>5</cols>
  <dt>d</dt>
  <data>
    1.5523502321718927e+00 5.5192663599289468e-02
    -1.8301524492389948e-01 7.8371256541106923e-02
    1.6762812456558216e+00 5.5192663599289468e-02 6.5387165170928518e-02
    5.6662155438052662e-02 1.7321401434816919e-02
    -3.3970588035158705e-01 -1.8301524492389948e-01
    5.6662155438052662e-02 3.1809518187010616e-01
    -2.0027277620717293e-01 -8.5104233261606366e-01
    7.8371256541106923e-02 1.7321401434816919e-02
    -2.0027277620717293e-01 4.9604257064488883e-01
    2.5173438331587938e-01 1.6762812456558216e+00
    -3.3970588035158705e-01 -8.5104233261606366e-01
    2.5173438331587938e-01 2.0066534111646302e+01</data></covmat>
<mean type_id="opencv-matrix">
  <rows>1</rows>
  <cols>5</cols>
  <dt>d</dt>
  <data>
    7.2109872295010469e-01 1.3542312347600535e-01
    -1.0865236306563020e-01 2.6324257735283141e-01
    5.4978531714408625e+00</data></mean>
<trainingsets type_id="opencv-matrix">
  <rows>31</rows>
  <cols>5</cols>
  <dt>f</dt>
  <data>
    7.61848092e-01 2.04772770e-01 1.03763193e-02 3.03492814e-01
    4.44171429e+00 6.01192594e-01 6.02299832e-02 -1.74805447e-01
    2.48052448e-01 3.30948114e+00 6.15634918e-01 1.92329615e-01
    2.80754212e-02 2.13193566e-01 3.64324999e+00 4.06937122e-01
    8.97749811e-02 4.04790007e-02 1.33202910e-01 5.39664268e+00
    5.05986333e-01 1.27721041e-01 4.00922038e-02 2.33926266e-01
    5.06745481e+00 1.09215832e+00 2.05003738e-01 -1.30115956e-01
    3.40408862e-01 5.31609440e+00 5.90346217e-01 1.90720737e-01
    -2.32047420e-02 1.63965464e-01 4.70504284e+00 5.53802967e-01
    1.80515900e-01 -2.58664577e-03 2.07281351e-01 6.24005699e+00
    5.93606830e-01 1.31989136e-01 -3.26428503e-01 8.00075173e-01
    5.43220234e+00 1.00139773e+00 2.02544704e-01 -1.23139411e-01
    3.22750151e-01 6.10061407e+00 8.05311441e-01 1.96913481e-01
    -5.57751693e-02 2.44673610e-01 5.42975855e+00 8.68418515e-01
    1.40959814e-01 -6.09214678e-02 1.83003098e-01 5.25791359e+00
    6.38244152e-01 1.42572373e-01 -6.00698479e-02 2.03954011e-01
    5.39304113e+00 4.98191714e-01 1.00416139e-01 -1.75387666e-01
    2.84941643e-01 6.11076546e+00 7.12222338e-01 1.37597308e-01
    -2.02596501e-01 2.18750685e-01 5.28444624e+00 4.04646873e-01
    1.35789946e-01 -6.64565712e-02 1.54538184e-01 5.55356455e+00
    5.83352625e-01 1.56748787e-01 -6.98873913e-03 4.19716597e-01
    5.14074707e+00 7.02114701e-01 1.42868146e-01 7.59644806e-02
    1.41115367e-01 5.56006098e+00 3.87636542e-01 1.40575722e-01
    1.54180988e-03 1.13229215e-01 4.92519665e+00 8.32231998e-01
    1.37107864e-01 -1.61583677e-01 1.61201686e-01 5.24244165e+00
    9.62960362e-01 9.33465660e-02 -2.61779547e-01 2.48270482e-01
    6.50965786e+00 7.16594219e-01 7.68132880e-02 -1.70188800e-01
    2.14589268e-01 4.94073200e+00 8.38262081e-01 6.19168505e-02
    -2.11708009e-01 2.08981454e-01 7.10833216e+00 1.17689145e+00
    5.52621037e-02 -1.66844368e-01 2.19695866e-01 6.35063744e+00
    4.09942031e-01 3.39065865e-02 -1.52691409e-01 2.51053751e-01
    6.70960379e+00 1.06731021e+00 1.32558748e-01 -1.32515684e-01
    2.70426601e-01 6.15888119e+00 9.13863659e-01 1.32053211e-01
    -1.05280414e-01 3.24495554e-01 6.41792345e+00 8.16367865e-01
    1.60718277e-01 -1.75186813e-01 2.55535960e-01 5.20395184e+00
    1.06158912e+00 1.69723034e-01 -1.51141390e-01 2.49626607e-01
    5.99996662e+00 8.34144950e-01 1.43837929e-01 -1.75672486e-01
    4.83074725e-01 5.91591454e+00 4.00852442e-01 1.20828047e-01
    -2.91683227e-01 3.43296528e-01 5.56735802e+00</data></trainingsets>
</opencv_storage>
