<?xml version="1.0"?>
<opencv_storage>
<evaluations type_id="opencv-matrix">
  <rows>7</rows>
  <cols>31</cols>
  <dt>f</dt>
  <data>
    4.55526066e+00 5.05252647e+00 4.91123199e+00 4.37582827e+00
    4.89193058e+00 5.64152193e+00 5.65338993e+00 4.20330048e+00
    4.88616323e+00 4.99589634e+00 5.34318113e+00 3.88524175e+00
    5.37278175e+00 4.35954285e+00 4.40269899e+00 4.25230074e+00
    4.09859324e+00 4.26542187e+00 4.71830702e+00 4.44524813e+00
    5.29152060e+00 4.69113255e+00 3.92893076e+00 3.89703250e+00
    3.42973495e+00 4.47794867e+00 3.91960788e+00 3.48944974e+00
    2.84020901e+00 3.20345354e+00 4.20179605e+00 4.17583370e+00
    4.64784431e+00 4.57604074e+00 4.05903673e+00 4.55968857e+00
    5.27120733e+00 5.24105835e+00 3.75879431e+00 4.47562838e+00
    4.61488867e+00 4.99235249e+00 3.44041419e+00 5.00865269e+00
    3.92900085e+00 3.97715354e+00 3.88713002e+00 3.77120948e+00
    3.90465403e+00 4.31493998e+00 4.09656239e+00 4.88944292e+00
    4.33190870e+00 3.54570317e+00 3.53276992e+00 2.99308228e+00
    4.12319183e+00 3.50312495e+00 3.02143383e+00 2.47669983e+00
    2.74909353e+00 3.85329366e+00 1.45549119e+00 1.62661111e+00
    1.87893867e+00 1.62118137e+00 1.85615146e+00 2.25890684e+00
    2.20400453e+00 1.21771801e+00 1.61376178e+00 1.46387339e+00
    2.11333084e+00 1.06048322e+00 1.99264181e+00 1.14729631e+00
    1.25032341e+00 1.31408083e+00 1.45880508e+00 1.35202730e+00
    1.52948046e+00 1.50821733e+00 1.91131556e+00 1.61276579e+00
    1.18484688e+00 1.17237186e+00 1.12051666e+00 1.49963105e+00
    5.55072010e-01 1.04681480e+00 1.47210228e+00 1.21532214e+00
    1.37914371e+00 4.49260902e+00 5.02701807e+00 4.83876371e+00
    4.30830336e+00 4.81917667e+00 5.60248756e+00 5.58585358e+00
    4.18412161e+00 4.83997011e+00 4.91500092e+00 5.25563908e+00
    3.91718364e+00 5.31008625e+00 4.32780552e+00 4.36607647e+00
    4.21096802e+00 4.03808594e+00 4.20804787e+00 4.66927910e+00
    4.37046909e+00 5.22573757e+00 4.64723873e+00 3.90044856e+00
    3.88867092e+00 3.44880724e+00 4.41318941e+00 3.88043690e+00
    3.50967002e+00 2.87788200e+00 3.24556279e+00 4.15253592e+00
    4.67177534e+00 5.10014486e+00 5.01444292e+00 4.49707651e+00
    4.99521112e+00 5.67548704e+00 5.73554325e+00 4.30191755e+00
    4.97172022e+00 5.11392403e+00 5.45031166e+00 3.93578076e+00
    5.44694948e+00 4.46091175e+00 4.50567818e+00 4.35552835e+00
    4.23067427e+00 4.38824081e+00 4.81426334e+00 4.57841206e+00
    5.38253117e+00 4.77067471e+00 4.04097795e+00 3.98089814e+00
    3.53527808e+00 4.59662390e+00 4.05565023e+00 3.59919572e+00
    2.97019958e+00 3.30705786e+00 4.31574011e+00 1.80816218e-01
    6.66645467e-01 7.27213144e-01 6.43883467e-01 7.33698249e-01
    1.26976383e+00 1.27041173e+00 6.81021869e-01 5.40367663e-01
    7.19447672e-01 1.00782001e+00 7.90104210e-01 1.00431526e+00
    5.15606761e-01 4.42376852e-01 2.59228885e-01 5.98315835e-01
    2.70090640e-01 3.74465555e-01 3.48373592e-01 8.93123627e-01
    4.26807851e-01 4.96349812e-01 5.85063040e-01 1.11430633e+00
    3.04358184e-01 8.71690273e-01 1.26880181e+00 1.59299076e+00
    1.38855064e+00 4.03212756e-01 5. 5. 5. 5. 5. 5. 5. 5. 5. 5. 5. 5. 5.
    5. 5. 5. 5. 5. 5. 5. 5. 5. 5. 5. 5. 5. 2. 2. 2. 2. 5.</data></evaluations>
</opencv_storage>
