<?xml version="1.0"?>
<opencv_storage>
<evaluations type_id="opencv-matrix">
  <rows>5</rows>
  <cols>31</cols>
  <dt>f</dt>
  <data>
    4.60081148e+00 3.42186046e+00 4.01170444e+00 3.88771939e+00
    2.02463508e+00 3.22398591e+00 4.70590591e+00 4.48361778e+00
    3.50816846e+00 3.30949306e+00 2.44766545e+00 3.71155834e+00
    3.34422231e+00 3.38407278e+00 3.29465294e+00 1.28786039e+00
    8.34377587e-01 8.04994106e-01 3.08125281e+00 2.08193445e+00
    2.63721371e+00 1.79802203e+00 2.00661850e+00 1.77041316e+00
    4.19340515e+00 3.46506047e+00 3.29637456e+00 3.23297858e+00
    4.35643768e+00 1.72145998e+00 2.42603064e+00 4.10628462e+00
    3.00701928e+00 3.55985928e+00 3.42613482e+00 1.43525898e+00
    2.86790466e+00 4.26597977e+00 3.95114326e+00 3.07587957e+00
    2.80963850e+00 2.15938973e+00 3.22398376e+00 2.88216686e+00
    2.98781943e+00 2.90592647e+00 8.28091919e-01 3.30292404e-01
    3.21756005e-01 2.74435425e+00 1.71228325e+00 2.06698513e+00
    1.36806965e+00 1.49131310e+00 1.43762589e+00 3.65512967e+00
    2.89475822e+00 2.92928028e+00 2.82614970e+00 3.65932584e+00
    9.89793241e-01 1.88665628e+00 1.79618526e+00 1.94398963e+00
    1.24415886e+00 1.11943710e+00 1.21987247e+00 8.06084156e-01
    1.95156229e+00 1.67850864e+00 8.24493527e-01 6.91112936e-01
    1.73011267e+00 9.56418216e-01 6.23955905e-01 1.16946650e+00
    7.23906517e-01 1.85230470e+00 2.44269300e+00 2.55976367e+00
    7.11914063e-01 1.64241886e+00 3.71921986e-01 1.69531906e+00
    9.85252678e-01 1.35913420e+00 1.37369776e+00 7.00634480e-01
    1.19449043e+00 7.50227571e-01 1.80902719e+00 1.50961542e+00
    1.48393846e+00 2.97226048e+00 2.19772911e+00 2.42522573e+00
    2.24061275e+00 8.52080464e-01 1.84116983e+00 3.13450718e+00
    2.82915163e+00 2.00494313e+00 1.72473919e+00 1.56054413e+00
    2.14451718e+00 1.80543482e+00 1.86490977e+00 1.85603595e+00
    8.77153873e-01 1.31488037e+00 1.46785247e+00 1.69170737e+00
    1.36025906e+00 9.46699560e-01 1.18432200e+00 3.49962920e-01
    7.53818035e-01 2.49988985e+00 1.75283277e+00 1.97413540e+00
    1.77764702e+00 2.65303111e+00 6.74516976e-01 1.21442556e+00 2. 2. 2.
    2. 3. 2. 2. 2. 2. 2. 3. 2. 2. 2. 2. 1. 1. 1. 2. 3. 2. 3. 3. 3. 2. 2.
    2. 2. 2. 3. 3.</data></evaluations>
</opencv_storage>
