<?xml version="1.0"?>
<opencv_storage>
<covmat type_id="opencv-matrix">
  <rows>5</rows>
  <cols>5</cols>
  <dt>d</dt>
  <data>
    3.6163908554403741e+00 7.5370365730604838e-01 3.5719331948155135e+00
    2.8347385541257508e-01 1.1138208589431158e+00 7.5370365730604838e-01
    3.9150782956603053e-01 2.2981930738004683e+00 8.8469555809023145e-02
    3.0140483542575369e-01 3.5719331948155135e+00 2.2981930738004683e+00
    4.5166417440463810e+01 9.1419807686528953e-01 3.7372410341992541e+00
    2.8347385541257508e-01 8.8469555809023145e-02 9.1419807686528953e-01
    3.8092817633837747e-02 1.5090676751495458e-01 1.1138208589431158e+00
    3.0140483542575369e-01 3.7372410341992541e+00 1.5090676751495458e-01
    6.3966232449066240e-01</data></covmat>
<mean type_id="opencv-matrix">
  <rows>1</rows>
  <cols>5</cols>
  <dt>d</dt>
  <data>
    1.7367094178353587e-01 7.2054609175651305e-02
    -1.8396478216013601e+00 2.2307484380660519e-02
    9.1502425170713858e-02</data></mean>
<trainingsets type_id="opencv-matrix">
  <rows>31</rows>
  <cols>5</cols>
  <dt>f</dt>
  <data>
    2.30414391e-01 1.54447019e-01 -1.74803004e-01 8.97497535e-02
    3.64408851e-01 5.94468713e-02 4.23343778e-02 -7.91340172e-02
    8.30459595e-03 3.20184231e-02 8.41675401e-02 5.73033094e-02
    2.56111234e-01 6.81740046e-03 3.98752689e-02 1.83667874e+00
    2.58465052e-01 -5.37381947e-01 1.51718080e-01 6.28518164e-01
    1.09899879e-01 2.02078283e-01 2.47559857e+00 1.03331566e-01
    4.93966669e-01 1.90876603e-01 2.61480868e-01 1.14658765e-01
    6.95916414e-02 2.04936326e-01 6.30760372e-01 1.87873840e-01
    -1.97840083e+00 2.59793997e-02 1.62994862e-01 2.66668320e-01
    2.15009332e-01 -2.03437018e+00 2.61297226e-02 1.12874448e-01
    6.94116771e-01 4.97522771e-01 -9.49731112e-01 6.27096891e-02
    1.24373019e-01 1.32809520e-01 9.50818062e-02 -2.47130704e+00
    1.95425749e-02 3.86571288e-02 3.27842832e-02 1.37872100e-02
    -2.84998274e+00 5.29563427e-03 1.49898529e-02 3.59604359e-02
    7.27897882e-03 -2.79638791e+00 7.27325678e-03 8.43870640e-03
    3.46579552e-02 7.98107386e-02 -2.85463238e+00 2.49677896e-03
    3.50252390e-02 1.06361866e-01 3.25703621e-02 -2.21504164e+00
    8.81391764e-03 4.57067490e-02 6.01871014e-02 1.92906857e-02
    -2.29188442e+00 1.92382336e-02 3.23721170e-02 6.57683611e-02
    1.27502680e-02 -2.33151674e+00 9.92786884e-03 6.17148876e-02
    3.17162871e-02 4.70411777e-03 -2.36283112e+00 3.00830603e-03
    7.71206617e-03 8.26711059e-02 4.54938412e-03 -2.50651121e+00
    5.56898117e-03 5.92432618e-02 3.98698449e-02 5.55294752e-03
    -2.55029273e+00 6.08509779e-03 1.96793079e-02 1.65223062e-01
    2.41525769e-02 -2.55121875e+00 1.14045739e-02 3.22766304e-02
    4.50987816e-02 5.90485334e-03 -2.80269742e+00 6.77353144e-03
    5.16418219e-02 4.93397117e-02 2.70533562e-03 -2.84227014e+00
    4.87130880e-03 3.80545855e-02 1.51776552e-01 1.88843608e-02
    -2.37914991e+00 1.12128854e-02 6.89128041e-02 1.05494857e-02
    2.25430727e-03 -2.25304437e+00 2.71779299e-03 1.41087770e-02
    3.09444666e-02 7.57175684e-03 -2.20789027e+00 6.79671764e-03
    1.48818493e-02 2.80579925e-02 1.76918507e-03 -2.15857220e+00
    1.96069479e-03 2.40967870e-02 4.59095836e-02 7.11154938e-03
    -2.12732291e+00 4.39471006e-03 3.61348391e-02 8.64267349e-03
    1.50603056e-03 -2.09751916e+00 1.97350979e-03 7.73292780e-03
    1.87399983e-02 2.54648924e-03 -2.14150190e+00 1.97923183e-03
    1.32946372e-02 3.52069139e-02 2.58922577e-03 -2.65864825e+00
    3.03977728e-03 8.54456425e-03 6.84937239e-02 4.80586290e-03
    -2.67140675e+00 2.82478333e-03 3.93896103e-02</data></trainingsets>
</opencv_storage>
