<?xml version="1.0"?>
<opencv_storage>
<evaluations type_id="opencv-matrix">
  <rows>5</rows>
  <cols>31</cols>
  <dt>f</dt>
  <data>
    1.48649991e+00 8.36774588e-01 6.05417371e-01 8.17921221e-01
    9.54551697e-01 1.32709169e+00 1.31958246e+00 1.21615744e+00
    2.45660996e+00 2.09245038e+00 1.95946693e+00 2.25051069e+00
    7.10975647e-01 2.30619764e+00 3.91498899e+00 2.96559840e-01
    3.07791442e-01 1.76118648e+00 4.61699486e-01 4.71947521e-01
    4.02389348e-01 6.24717712e-01 1.91243196e+00 1.13107824e+00
    2.84700304e-01 1.62599480e+00 1.93311059e+00 4.34770823e-01
    8.03866148e-01 8.08109760e-01 9.25393999e-01 7.78827608e-01
    4.44768935e-01 6.00699842e-01 4.18941647e-01 2.92149127e-01
    2.12027490e-01 4.20368075e-01 1.94718957e-01 1.41125810e+00
    1.09550071e+00 1.01616204e+00 1.15236616e+00 4.95652020e-01
    1.34905612e+00 3.07916260e+00 9.49644089e-01 9.43087339e-01
    8.50319862e-01 7.18136787e-01 7.00672150e-01 7.67457783e-01
    5.91571629e-01 9.61471081e-01 7.97286272e-01 9.41511571e-01
    7.22540796e-01 1.01173902e+00 7.56525040e-01 4.46932375e-01
    4.71629977e-01 4.18098450e-01 2.81533003e+00 3.58602977e+00
    3.72851539e+00 3.58279705e+00 3.41231847e+00 3.04258585e+00
    2.92437220e+00 3.04611850e+00 2.63822770e+00 2.91166258e+00
    3.06240678e+00 2.47409892e+00 3.60828876e+00 2.98681426e+00
    1.46008217e+00 4.03744555e+00 4.02079582e+00 2.65355849e+00
    3.86512804e+00 3.84797359e+00 3.90978575e+00 3.74394870e+00
    2.66597414e+00 3.22759938e+00 4.00969696e+00 2.77926898e+00
    2.32334375e+00 3.90362120e+00 3.57517624e+00 3.61216831e+00
    3.55508304e+00 1.38319504e+00 2.13258553e+00 2.24903679e+00
    2.16110539e+00 1.96891415e+00 1.66553199e+00 1.59927237e+00
    1.66649044e+00 1.69715726e+00 1.76359713e+00 1.85314035e+00
    1.43581462e+00 2.15804291e+00 1.89735258e+00 1.70506489e+00
    2.56194735e+00 2.54841757e+00 1.52744734e+00 2.41275072e+00
    2.40146089e+00 2.46859479e+00 2.30391312e+00 1.63984346e+00
    1.89875758e+00 2.54312825e+00 1.37193787e+00 1.02741909e+00
    2.46318293e+00 2.14533567e+00 2.19648981e+00 2.13923717e+00 1. 1. 1.
    1. 1. 1. 1. 1. 1. 1. 1. 1. 1. 1. 2. 0. 0. 1. 0. 0. 0. 1. 1. 1. 0. 1.
    1. 0. 1. 1. 1.</data></evaluations>
</opencv_storage>
