<?xml version="1.0"?>
<opencv_storage>
<evaluations type_id="opencv-matrix">
  <rows>5</rows>
  <cols>31</cols>
  <dt>f</dt>
  <data>
    9.21029299e-02 7.47689903e-02 1.34034500e-01 8.86755884e-02
    6.01159222e-02 9.43978950e-02 1.03672519e-01 8.05192143e-02
    1.12745605e-01 7.17249513e-02 1.01341546e-01 1.07892953e-01
    1.98956236e-01 1.99586079e-01 6.57979473e-02 1.29324153e-01
    1.46801054e-01 1.54378697e-01 3.60626727e-01 1.32709503e-01
    7.89019465e-02 1.10603958e-01 3.33829433e-01 5.12742512e-02
    6.19413480e-02 9.81297716e-02 1.09121613e-01 5.90795994e-01
    6.89445958e-02 9.83053297e-02 1.33827046e-01 1.19006646e+00
    1.17467356e+00 1.26703107e+00 1.20537865e+00 1.18105936e+00
    1.22568250e+00 1.10592306e+00 1.12292635e+00 1.24334455e+00
    1.20376599e+00 1.22936237e+00 1.23948312e+00 9.71727610e-01
    1.03059220e+00 1.17162430e+00 1.26246405e+00 1.14333773e+00
    1.08443666e+00 8.98341417e-01 1.08397245e+00 1.19490898e+00
    1.12495255e+00 8.79797697e-01 1.17034590e+00 1.18145835e+00
    1.22549319e+00 1.23914337e+00 5.95955789e-01 1.19734812e+00
    1.21652877e+00 1.26615477e+00 4.24774742e+00 4.23882008e+00
    4.34096432e+00 4.27305079e+00 4.25431490e+00 4.29805517e+00
    4.17935228e+00 4.19038105e+00 4.31596565e+00 4.28451443e+00
    4.29789400e+00 4.31168985e+00 4.04478073e+00 4.07613707e+00
    4.24028015e+00 4.33913708e+00 4.18846750e+00 4.12965631e+00
    4.05034113e+00 4.20212412e+00 4.28792095e+00 4.23609877e+00
    4.02704096e+00 4.24744654e+00 4.25824070e+00 4.31011105e+00
    4.31760454e+00 3.75692773e+00 4.27472782e+00 4.30921555e+00
    4.34331656e+00 2.80586839e+00 2.78842735e+00 2.89414382e+00
    2.81957102e+00 2.80305362e+00 2.84808421e+00 2.71429396e+00
    2.73193192e+00 2.87235379e+00 2.83839011e+00 2.85173583e+00
    2.86045289e+00 2.58436203e+00 2.61095476e+00 2.79228115e+00
    2.89433217e+00 2.72455168e+00 2.67307115e+00 2.61890435e+00
    2.76365566e+00 2.84580493e+00 2.79608631e+00 2.59602308e+00
    2.80624771e+00 2.81750584e+00 2.86764264e+00 2.87517500e+00
    2.33134055e+00 2.83226824e+00 2.86704493e+00 2.89933515e+00 0. 0. 0.
    0. 0. 0. 0. 0. 0. 0. 0. 0. 0. 0. 0. 0. 0. 0. 0. 0. 0. 0. 0. 0. 0. 0.
    0. 0. 0. 0. 0.</data></evaluations>
</opencv_storage>
