<?xml version="1.0"?>
<opencv_storage>
<covmat type_id="opencv-matrix">
  <rows>5</rows>
  <cols>5</cols>
  <dt>d</dt>
  <data>
    8.4062208658070432e+00 6.6048562442230754e+00 8.0648394551835356e-01
    3.5592853933113100e-01 7.7479648728631534e-01 6.6048562442230754e+00
    1.0570640141474817e+01 5.8533801984441414e-01 3.8083269196272745e-01
    9.2867303622104869e-01 8.0648394551835356e-01 5.8533801984441414e-01
    3.1393588603017570e+00 -1.2252225600721432e-01
    -6.1920993969491145e-01 3.5592853933113100e-01
    3.8083269196272745e-01 -1.2252225600721432e-01
    6.0110375131094318e-01 2.7317998384992637e-01 7.7479648728631534e-01
    9.2867303622104869e-01 -6.1920993969491145e-01
    2.7317998384992637e-01 1.6856928267197657e+00</data></covmat>
<mean type_id="opencv-matrix">
  <rows>1</rows>
  <cols>5</cols>
  <dt>d</dt>
  <data>
    2.4861967986629856e+00 2.9020246997956307e+00
    -3.0743253176971791e-01 6.5053984811229093e-01
    1.0337655986509016e+00</data></mean>
<trainingsets type_id="opencv-matrix">
  <rows>31</rows>
  <cols>5</cols>
  <dt>f</dt>
  <data>
    1.54265809e+00 2.74353862e+00 -3.79026920e-01 5.81676662e-01
    7.93774366e-01 2.36313796e+00 2.57382107e+00 -1.31109583e+00
    5.93514144e-01 1.36287165e+00 2.88366222e+00 3.10023546e+00
    -1.08375229e-01 6.23161733e-01 1.37189770e+00 2.81684208e+00
    3.04271460e+00 -2.56208718e-01 8.64169180e-01 1.15987015e+00
    3.10157895e+00 3.21980858e+00 -7.96803273e-03 6.70259118e-01
    9.88065481e-01 2.98084402e+00 3.26562858e+00 -7.36938789e-02
    5.53612471e-01 9.31063175e-01 2.61925030e+00 3.82247210e+00
    -1.91855520e-01 6.80683494e-01 1.09197533e+00 2.20313239e+00
    2.10550094e+00 -2.60862440e-01 5.48107803e-01 9.52176273e-01
    1.37334085e+00 2.77573752e+00 -1.21184908e-01 6.21537030e-01
    1.03739429e+00 2.72006536e+00 2.39557219e+00 -1.91523015e-01
    6.95566237e-01 1.09803224e+00 7.36151695e-01 1.00244784e+00
    -2.47243494e-01 5.77060580e-01 6.13735914e-01 2.73043013e+00
    3.06791282e+00 -3.49119812e-01 8.81185412e-01 1.01927352e+00
    2.68823481e+00 2.98423004e+00 -3.80310982e-01 6.77815378e-01
    8.56075943e-01 1.95717061e+00 1.01085615e+00 -2.19030544e-01
    5.86036742e-01 9.62734044e-01 2.02140498e+00 2.83543539e+00
    -2.61160821e-01 6.50959611e-01 9.92698073e-01 2.67128658e+00
    2.94248343e+00 -2.00281531e-01 5.25585771e-01 9.80212927e-01
    2.60614467e+00 3.03720355e+00 -1.65388018e-01 7.24036098e-01
    1.10242486e+00 2.78207159e+00 3.23561335e+00 -1.19353436e-01
    6.60446942e-01 6.71032965e-01 2.15864754e+00 2.96500015e+00
    -6.48129404e-01 5.65323472e-01 1.31971002e+00 2.67983103e+00
    3.10041189e+00 -1.53174058e-01 5.37028849e-01 9.63933051e-01
    2.54528236e+00 3.14478827e+00 -6.92551613e-01 8.29093099e-01
    1.64299762e+00 2.33496332e+00 3.03394604e+00 -2.41963863e-01
    6.18509948e-01 1.03475261e+00 2.73227119e+00 3.15606737e+00
    -1.38203241e-02 8.33021522e-01 1.54427826e+00 2.83476710e+00
    3.18586779e+00 -2.34737709e-01 9.97672021e-01 9.65794206e-01
    3.38605762e+00 3.52975988e+00 -9.43255275e-02 5.76355636e-01
    7.58580685e-01 2.86936140e+00 3.37262869e+00 2.69806057e-01
    4.02991891e-01 1.13741601e+00 2.33276391e+00 3.00470376e+00
    -6.04424536e-01 7.89667249e-01 1.10907173e+00 2.73648787e+00
    3.15085268e+00 -8.46779525e-01 4.18995857e-01 1.15579236e+00
    2.46315145e+00 2.95269895e+00 -7.16162443e-01 4.73527789e-01
    7.72207916e-01 2.62616658e+00 3.08031106e+00 -8.42934787e-01
    8.69304657e-01 9.42072451e-01 2.57494211e+00 3.12451696e+00
    1.32472381e-01 5.39828897e-01 7.14817762e-01</data></trainingsets>
</opencv_storage>
