<?xml version="1.0"?>
<opencv_storage>
<covmat type_id="opencv-matrix">
  <rows>5</rows>
  <cols>5</cols>
  <dt>d</dt>
  <data>
    7.1314985257774550e+00 7.4858631883725915e+00
    -7.2834254380297433e-02 -8.6116310800218893e-02
    4.2623715039972587e-01 7.4858631883725915e+00 2.4417724720087900e+01
    -2.9995136523486163e+00 -1.8774855572996255e-01
    -1.2942846567203414e+00 -7.2834254380297433e-02
    -2.9995136523486163e+00 4.0297653088697700e+00
    -1.7467311217888007e-01 1.3553004539246551e+00
    -8.6116310800218893e-02 -1.8774855572996255e-01
    -1.7467311217888007e-01 7.0414270870916673e-02
    -1.3233144910391240e-01 4.2623715039972587e-01
    -1.2942846567203414e+00 1.3553004539246551e+00
    -1.3233144910391240e-01 1.2106686816628209e+00</data></covmat>
<mean type_id="opencv-matrix">
  <rows>1</rows>
  <cols>5</cols>
  <dt>d</dt>
  <data>
    1.1477683090394544e+00 7.2169362152776406e-01
    -5.3447396031791161e-01 1.5553661315671860e-01
    1.5610913422799879e+00</data></mean>
<trainingsets type_id="opencv-matrix">
  <rows>31</rows>
  <cols>5</cols>
  <dt>f</dt>
  <data>
    1.89078534e+00 1.10588002e+00 -3.62611026e-01 1.27474308e-01
    1.73470700e+00 1.15136766e+00 4.30671513e-01 -6.23581827e-01
    9.15340185e-02 1.65322173e+00 4.81773734e-01 1.38908029e-01
    -6.91715896e-01 1.28107905e-01 1.46982777e+00 1.67242885e+00
    2.53022480e+00 -1.09118724e+00 1.45842671e-01 1.27726424e+00
    5.92584014e-01 1.42938018e-01 -1.08169031e+00 1.59339130e-01
    1.30999482e+00 1.88420331e+00 2.40064335e+00 -8.55618715e-01
    1.30156457e-01 1.39737320e+00 1.65702999e+00 1.80515683e+00
    -5.38476884e-01 2.16004491e-01 1.36910260e+00 1.60474062e+00
    2.54768562e+00 -1.14787102e+00 1.63598537e-01 1.46538031e+00
    8.18311453e-01 2.05198669e+00 -1.00891387e+00 1.49002790e-01
    1.63706446e+00 1.94548762e+00 2.70309973e+00 -5.94160080e-01
    1.63085639e-01 1.24437463e+00 8.80798697e-01 2.00671732e-01
    6.25918955e-02 1.32647395e-01 1.93531585e+00 9.43818569e-01
    2.06003094e+00 1.59024134e-01 6.63311481e-02 1.77743816e+00
    1.26544714e+00 2.64108419e-01 7.68010765e-02 7.53838420e-02
    1.70528769e+00 1.67118645e+00 4.83805478e-01 -4.28455770e-01
    1.49490237e-01 1.72852647e+00 9.92813587e-01 2.91841924e-01
    -3.09379809e-02 1.11683607e-01 1.69623959e+00 1.53204489e+00
    1.09165609e-01 -2.50954896e-01 1.58190489e-01 1.76690710e+00
    7.70782232e-01 1.31249547e-01 -3.57262224e-01 1.59529388e-01
    1.34649849e+00 5.78372836e-01 1.18559182e-01 -5.03535509e-01
    1.44966006e-01 1.62948239e+00 1.30959487e+00 1.93903029e-01
    1.49510309e-01 1.42308652e-01 1.89958644e+00 4.69027162e-01
    8.36153626e-02 -5.62285841e-01 1.87930822e-01 1.52735806e+00
    4.98127341e-01 1.18345976e-01 -5.18054545e-01 2.42440760e-01
    1.54718733e+00 7.40478039e-01 1.10872746e-01 -4.37815517e-01
    1.71667218e-01 1.60308540e+00 7.61591673e-01 1.08323038e-01
    -8.15360963e-01 2.25735188e-01 1.31038654e+00 1.00760818e+00
    1.87734306e-01 -7.92794287e-01 2.69658208e-01 1.28530657e+00
    6.15830421e-01 1.38245761e-01 -1.03960776e+00 1.71042562e-01
    1.35927761e+00 1.87899137e+00 6.23602092e-01 -6.37496591e-01
    2.26478577e-01 1.81162202e+00 8.76185298e-01 1.70589447e-01
    -6.89179003e-01 1.39652491e-01 1.44706297e+00 1.13433313e+00
    1.75292730e-01 -4.48860139e-01 2.07283556e-01 1.56061399e+00
    1.01046586e+00 1.46256506e-01 -2.00456485e-01 1.76874459e-01
    1.37288988e+00 1.02867556e+00 2.55875468e-01 -6.37327492e-01
    9.21598077e-02 1.71606207e+00 1.91593170e+00 5.43218374e-01
    -6.70408309e-01 9.60346460e-02 1.80938625e+00</data></trainingsets>
</opencv_storage>
