<?xml version="1.0"?>
<opencv_storage>
<covmat type_id="opencv-matrix">
  <rows>5</rows>
  <cols>5</cols>
  <dt>d</dt>
  <data>
    2.4588725074877669e+00 1.5152679871668133e+00
    -1.1692134183263907e+00 2.1762459344871313e-01
    1.0982252673288226e+00 1.5152679871668133e+00 5.5778864108114306e+00
    4.8598098608014171e+00 1.0986618055902193e-01 6.3430204405796908e-01
    -1.1692134183263907e+00 4.8598098608014171e+00
    2.4578669711042433e+01 -7.6552379043996088e-02
    3.5729612993407633e-01 2.1762459344871313e-01 1.0986618055902193e-01
    -7.6552379043996088e-02 4.5033868331404985e-02
    1.8999383156323274e-01 1.0982252673288226e+00 6.3430204405796908e-01
    3.5729612993407633e-01 1.8999383156323274e-01 1.4611489953310366e+00</data></covmat>
<mean type_id="opencv-matrix">
  <rows>1</rows>
  <cols>5</cols>
  <dt>d</dt>
  <data>
    4.2748150133317514e-01 3.7889248613388304e-01 3.3339373653213822e-01
    5.9676470295075446e-02 2.9515202487668685e-01</data></mean>
<trainingsets type_id="opencv-matrix">
  <rows>31</rows>
  <cols>5</cols>
  <dt>f</dt>
  <data>
    8.70721340e-01 1.36287522e+00 6.11702800e-01 9.60744023e-02
    2.78342903e-01 9.07271385e-01 4.24379349e-01 1.82440770e+00
    6.87770247e-02 3.14570546e-01 2.12470651e-01 1.57071948e-01
    1.65046096e+00 5.32977581e-02 3.29582930e-01 2.97566056e-01
    4.52488601e-01 1.08904473e-01 4.31590080e-02 3.46871495e-01
    7.94806242e-01 2.16126060e+00 1.46921086e+00 7.56403804e-02
    3.32021952e-01 2.48409748e-01 5.19190907e-01 2.01505709e+00
    7.42558837e-02 4.47781265e-01 1.71584845e-01 4.57624614e-01
    1.92249942e+00 3.65406871e-02 3.15576613e-01 1.72585249e-01
    9.21973109e-01 2.09598565e+00 3.54144573e-02 3.57165456e-01
    9.94844437e-02 1.92863524e-01 5.15317559e-01 1.89561248e-02
    1.50262594e-01 3.34186673e-01 1.52918100e-01 -3.22463095e-01
    5.57218790e-02 2.22098768e-01 2.19523907e-01 1.22944057e-01
    -4.14845675e-01 2.45975852e-02 1.49712205e-01 2.47119188e-01
    1.74160540e-01 -2.29343876e-01 2.84268856e-02 1.49563253e-01
    2.41288781e-01 1.75373971e-01 -5.26687950e-02 1.45428777e-02
    1.53464913e-01 9.72820997e-01 2.23502636e-01 -3.62951219e-01
    8.17414522e-02 3.31356108e-01 5.68465471e-01 3.42455566e-01
    -2.15128865e-02 7.04346299e-02 4.31555092e-01 3.89970064e-01
    1.74385369e-01 3.97492677e-01 4.95771170e-02 1.31260753e-01
    4.69044566e-01 2.27310419e-01 4.71078247e-01 5.20603061e-02
    1.69565618e-01 5.15854716e-01 2.24268496e-01 -1.15739934e-01
    1.44602299e-01 5.61029434e-01 2.77720809e-01 1.65733218e-01
    -1.86838731e-01 3.36332321e-02 2.48231828e-01 1.92312598e-01
    1.36958241e-01 -1.99194565e-01 4.07892466e-02 2.23447412e-01
    3.76576066e-01 1.69207513e-01 -2.54885614e-01 2.56963372e-02
    2.86490083e-01 2.15068817e-01 1.70430005e-01 -3.50061208e-01
    7.43716359e-02 2.50246406e-01 2.58420587e-01 2.14937657e-01
    4.51159894e-01 1.37838364e-01 3.18608999e-01 1.75719500e-01
    4.95422482e-02 6.29442811e-01 3.23328972e-02 5.52739501e-02
    2.60427833e-01 6.98526800e-01 7.36883044e-01 1.27919912e-02
    6.00795746e-02 1.01240098e+00 5.71574688e-01 5.26817560e-01
    1.50030673e-01 1.22321796e+00 3.83953094e-01 8.02302361e-02
    3.18254530e-01 3.65232825e-02 8.81232619e-02 6.50302172e-02
    7.27230310e-03 2.44580165e-01 5.70815802e-03 1.82747245e-02
    9.27571654e-01 4.02515173e-01 -2.48816893e-01 1.24370754e-01
    5.37298143e-01 6.11143827e-01 2.73813188e-01 -1.27413106e+00
    8.02132487e-02 1.92190707e-01 7.62406230e-01 3.37878764e-01
    -1.62059605e+00 7.18500018e-02 4.76447821e-01</data></trainingsets>
</opencv_storage>
