<?xml version="1.0"?>
<opencv_storage>
<covmat type_id="opencv-matrix">
  <rows>5</rows>
  <cols>5</cols>
  <dt>d</dt>
  <data>
    1.0687966142977956e+00 1.4276899535154508e-01 1.3227070196163225e-02
    1.8805469936326549e-01 1.0815789635700472e+00 1.4276899535154508e-01
    3.2777865394867024e-02 -1.0964943898574287e-02
    7.9003556090005717e-03 1.9442818028885794e-01 1.3227070196163225e-02
    -1.0964943898574287e-02 1.6621992670336672e-01
    1.1105262993103147e-01 -9.4136356866321325e-02
    1.8805469936326549e-01 7.9003556090005717e-03 1.1105262993103147e-01
    1.4214155664838899e+00 2.1251290222174507e-02 1.0815789635700472e+00
    1.9442818028885794e-01 -9.4136356866321325e-02
    2.1251290222174507e-02 6.7651093380772913e+00</data></covmat>
<mean type_id="opencv-matrix">
  <rows>1</rows>
  <cols>5</cols>
  <dt>d</dt>
  <data>
    1.1585000907221148e+00 1.2722280597494495e-01
    -3.4851296438324836e-01 1.2647232817065330e+00
    3.7123659964530700e+00</data></mean>
<trainingsets type_id="opencv-matrix">
  <rows>31</rows>
  <cols>5</cols>
  <dt>f</dt>
  <data>
    1.09194994e+00 1.39195189e-01 -1.99428365e-01 1.29480743e+00
    3.79463291e+00 1.33338559e+00 1.50118321e-01 -3.74397129e-01
    1.33846235e+00 4.33549976e+00 1.21729255e+00 1.47477746e-01
    -1.87864155e-01 1.37946308e+00 4.03383017e+00 1.63150644e+00
    1.53596789e-01 -2.19661176e-01 1.41565728e+00 4.37346220e+00
    8.78079116e-01 6.01463988e-02 -2.81363904e-01 2.04441905e+00
    2.96631145e+00 1.44421566e+00 1.43294126e-01 -3.52182508e-01
    1.27055824e+00 4.76468992e+00 1.18901777e+00 1.47247091e-01
    -3.99267852e-01 1.41557813e+00 4.04074669e+00 1.31230807e+00
    1.39157981e-01 -4.12880599e-01 1.68845451e+00 3.30486012e+00
    1.36683011e+00 1.41453177e-01 -3.93431783e-01 1.33459866e+00
    3.82643414e+00 9.01822090e-01 4.49619628e-02 -3.48336369e-01
    1.17913091e+00 4.00756741e+00 1.24741924e+00 1.49160013e-01
    -3.55795294e-01 1.10604298e+00 3.75706029e+00 1.30754077e+00
    1.44181252e-01 -4.04347211e-01 1.26309025e+00 3.61367702e+00
    1.04037535e+00 1.35324091e-01 -3.72676909e-01 1.14056659e+00
    3.79194617e+00 9.11187112e-01 1.37052566e-01 -4.57750529e-01
    1.21100986e+00 4.26509094e+00 1.03755677e+00 9.99306813e-02
    -4.15209025e-01 1.13694954e+00 3.52369475e+00 9.73673224e-01
    9.74067897e-02 -3.04913253e-01 9.72880721e-01 3.53578472e+00
    1.21107137e+00 1.47075027e-01 -4.63264316e-01 1.20657849e+00
    4.29052448e+00 1.07888114e+00 1.48259223e-01 -4.51256007e-01
    1.12580228e+00 4.12869883e+00 1.20740676e+00 1.47373557e-01
    -3.09286922e-01 1.23541260e+00 3.44556308e+00 1.25591457e+00
    1.44474432e-01 -2.86882430e-01 1.45916665e+00 3.33213305e+00
    7.11307049e-01 3.00327651e-02 -3.02917928e-01 1.03350019e+00
    3.18698001e+00 1.08435249e+00 1.31660640e-01 -3.72006088e-01
    1.00026059e+00 3.30699110e+00 1.25968254e+00 1.44430906e-01
    -3.01744014e-01 1.15402269e+00 4.02098513e+00 1.23722351e+00
    1.47156700e-01 -3.07059109e-01 1.19258201e+00 3.49507737e+00
    1.06840062e+00 8.53678659e-02 -3.36441338e-01 1.14957619e+00
    3.53192902e+00 1.16388357e+00 1.42148912e-01 -3.94348681e-01
    1.21883953e+00 3.37260938e+00 1.26601756e+00 1.55611902e-01
    -3.30798894e-01 1.44737101e+00 3.54514027e+00 9.16257262e-01
    1.10385880e-01 -3.67277086e-01 1.37868428e+00 3.56097007e+00
    1.26313841e+00 1.33441344e-01 -4.80965495e-01 9.23863053e-01
    2.86180758e+00 1.03861380e+00 9.75290090e-02 -2.52593428e-01
    1.12054884e+00 2.78955317e+00 1.26719236e+00 1.49254650e-01
    -3.67554098e-01 1.36854374e+00 4.27909470e+00</data></trainingsets>
</opencv_storage>
