<?xml version="1.0"?>
<opencv_storage>
<covmat type_id="opencv-matrix">
  <rows>5</rows>
  <cols>5</cols>
  <dt>d</dt>
  <data>
    7.2447808129554070e-01 2.8050943871827771e-02
    -7.9269621578675720e-01 2.7445660251404469e-03
    4.1399429520694350e-02 2.8050943871827771e-02 1.3259048832681083e-01
    -4.5373783404828012e-02 4.3711679089819752e-02
    1.6959365497177367e-01 -7.9269621578675720e-01
    -4.5373783404828012e-02 4.8307590408008441e+00
    2.1975426407266227e-02 -1.3334969198326752e+00
    2.7445660251404469e-03 4.3711679089819752e-02 2.1975426407266227e-02
    4.0618869540681841e-02 9.9830905201577544e-02 4.1399429520694350e-02
    1.6959365497177367e-01 -1.3334969198326752e+00
    9.9830905201577544e-02 1.6474328190062812e+00</data></covmat>
<mean type_id="opencv-matrix">
  <rows>1</rows>
  <cols>5</cols>
  <dt>d</dt>
  <data>
    1.8425889000777274e-01 3.0103761364795988e-02 9.3748594381876527e-01
    6.0175589015406948e-02 3.5283317489008748e-01</data></mean>
<trainingsets type_id="opencv-matrix">
  <rows>31</rows>
  <cols>5</cols>
  <dt>f</dt>
  <data>
    8.52966428e-01 3.15791368e-03 1.35765746e-01 2.06440687e-02
    1.42385006e-01 1.70013011e-01 1.67555567e-02 4.21697617e-01
    6.62743449e-02 8.22445750e-01 5.98336458e-02 4.96062264e-03
    1.20018113e+00 1.89753771e-02 9.76493359e-02 1.32633477e-01
    1.27327535e-02 1.07835412e+00 1.94902718e-02 7.09252357e-01
    1.06265336e-01 9.27717146e-03 7.19123662e-01 6.84784651e-02
    5.15733242e-01 1.60868794e-01 1.15201501e-02 3.08935434e-01
    7.12597668e-02 8.39173317e-01 2.50032872e-01 9.63646173e-03
    7.08472610e-01 8.88066292e-02 7.16725349e-01 5.07948920e-02
    7.18533108e-03 1.13042653e+00 4.10554409e-02 2.55155087e-01
    1.60537899e-01 1.37890931e-02 6.44291162e-01 2.23041773e-02
    3.76857042e-01 1.64349049e-01 1.62711702e-02 1.00501692e+00
    5.95214963e-02 6.25861406e-01 1.94012821e-01 2.08294079e-01
    7.34156787e-01 7.30032921e-02 6.06551170e-01 1.52114332e-01
    1.23590762e-02 6.17538393e-01 6.50119781e-02 2.06563473e-01
    5.63096255e-02 1.04011595e-02 9.51750040e-01 5.38387895e-02
    2.50205040e-01 3.45154077e-01 2.38746271e-01 8.43166232e-01
    8.54275525e-02 4.56915617e-01 8.80461931e-02 4.27438598e-03
    7.53671527e-01 5.81596494e-02 1.25036478e-01 2.69106835e-01
    9.80232935e-03 6.95466042e-01 9.39666629e-02 2.43331194e-01
    2.52361298e-02 2.25726957e-03 2.85288822e-02 1.25937760e-02
    3.74368191e-01 4.93014842e-01 6.49881968e-03 2.91259140e-01
    6.22927845e-02 5.66839218e-01 1.52246803e-01 2.37288296e-01
    1.01028121e+00 2.16087252e-01 7.07381725e-01 2.77367592e-01
    6.17042184e-03 1.27405012e+00 6.68562353e-02 1.77857876e-01
    1.01195753e-01 3.80690396e-03 1.32475638e+00 5.46767414e-02
    9.18812752e-02 2.20960140e-01 3.31148505e-03 1.31376851e+00
    4.95399535e-02 8.76202583e-02 1.50211334e-01 1.52964592e-02
    1.31748319e+00 6.40124381e-02 2.08579302e-01 1.17929101e-01
    4.18858677e-02 1.30953205e+00 3.49156111e-02 2.33854771e-01
    1.68541819e-01 1.35744810e-02 1.30287004e+00 4.43208367e-02
    2.12650776e-01 1.18522704e-01 1.81525946e-03 1.33038962e+00
    5.21881878e-02 1.86713696e-01 1.39075279e-01 4.05256450e-03
    1.32952154e+00 2.61287689e-02 1.66579008e-01 1.59558773e-01
    1.93083286e-03 1.32942319e+00 7.96396583e-02 2.93411970e-01
    1.25850260e-01 2.61844695e-03 1.31700945e+00 7.02967048e-02
    2.54273415e-01 1.85993880e-01 2.42581964e-03 1.31315088e+00
    8.98120850e-02 2.85267353e-01 6.32818937e-02 1.12015009e-03
    1.32202613e+00 3.58642638e-02 1.00708723e-01</data></trainingsets>
</opencv_storage>
