<?xml version="1.0"?>
<opencv_storage>
<covmat type_id="opencv-matrix">
  <rows>5</rows>
  <cols>5</cols>
  <dt>d</dt>
  <data>
    2.9444786279508268e+01 1.9654083579998421e+01 7.6417950330345725e+00
    3.6358735273603983e+01 2.3139654909506288e+02 1.9654083579998421e+01
    1.9479472678411785e+01 6.5139874995179987e+00 1.3241009239722877e+02
    2.1495702744569448e+02 7.6417950330345725e+00 6.5139874995179987e+00
    2.9107187560070781e+01 2.4056379186472358e+02 2.2540541003219315e+02
    3.6358735273603983e+01 1.3241009239722877e+02 2.4056379186472358e+02
    2.4799180006031347e+04 9.1905388945029208e+03 2.3139654909506288e+02
    2.1495702744569448e+02 2.2540541003219315e+02 9.1905388945029208e+03
    9.0357019265981453e+03</data></covmat>
<mean type_id="opencv-matrix">
  <rows>1</rows>
  <cols>5</cols>
  <dt>d</dt>
  <data>
    2.3594535781491186e+00 2.1874172995167394e+00 2.8457359498546970e+00
    6.0777609302151589e+01 4.9893243974254979e+01</data></mean>
</opencv_storage>
