<?xml version="1.0"?>
<opencv_storage>
<covmat type_id="opencv-matrix">
  <rows>5</rows>
  <cols>5</cols>
  <dt>d</dt>
  <data>
    8.6688597256869429e+00 6.6971359198056701e+00 2.8210517802493160e+00
    1.7050290791443601e-01 7.9332976811814948e-01 6.6971359198056701e+00
    8.3878408759896494e+00 2.4116814069368919e+00 1.8528240135927559e-01
    8.5567668653040951e-01 2.8210517802493160e+00 2.4116814069368919e+00
    1.1115014236146424e+01 8.6951810424074544e-02 4.1450510329068951e-01
    1.7050290791443601e-01 1.8528240135927559e-01 8.6951810424074544e-02
    1.9100816808004586e-02 4.4883766002176674e-02 7.9332976811814948e-01
    8.5567668653040951e-01 4.1450510329068951e-01 4.4883766002176674e-02
    2.1545832030322498e-01</data></covmat>
<mean type_id="opencv-matrix">
  <rows>1</rows>
  <cols>5</cols>
  <dt>d</dt>
  <data>
    5.2172541618347168e-01 5.6681876028737710e-01 1.0204770199714168e+00
    5.4086157391148228e-02 1.8157903898146843e-01</data></mean>
<trainingsets type_id="opencv-matrix">
  <rows>31</rows>
  <cols>5</cols>
  <dt>f</dt>
  <data>
    9.34320807e-01 1.10036743e+00 6.64369583e-01 5.67100644e-02
    3.39198411e-01 1.24003530e-01 4.58948493e-01 8.55162382e-01
    6.06042743e-02 1.56493694e-01 1.33067012e-01 3.79231215e-01
    6.05357885e-01 6.28268123e-02 2.28435397e-01 2.34426022e-01
    2.99062014e-01 8.81255746e-01 6.04848862e-02 1.38521463e-01
    2.55825162e-01 5.74431419e-01 9.04337704e-01 6.08620644e-02
    1.49083585e-01 5.31762123e-01 6.38846397e-01 1.21742010e+00
    7.45685101e-02 1.60111487e-01 8.88226986e-01 7.08854079e-01
    9.22564864e-01 2.26507187e-02 7.37046003e-02 6.66423321e-01
    6.74035430e-01 9.81793761e-01 3.87656093e-02 1.20329857e-01
    7.05523014e-01 6.24501228e-01 2.41679168e+00 9.13094878e-02
    2.40403712e-01 3.46979618e-01 7.25777626e-01 2.08891344e+00
    3.32825184e-02 1.33321226e-01 3.03922653e-01 4.98482227e-01
    2.00712419e+00 3.86004746e-02 2.63828695e-01 8.85448933e-01
    7.25824356e-01 2.10168195e+00 4.65892851e-02 2.17771992e-01
    3.34232807e-01 2.50873089e-01 7.02606797e-01 5.18869758e-02
    2.79810548e-01 2.48843431e-01 6.58481598e-01 2.33687925e+00
    5.92841208e-02 2.45952517e-01 2.50251245e+00 2.89980793e+00
    1.20347035e+00 1.23234957e-01 4.58379120e-01 2.77853012e-03
    3.29458714e-01 2.66352773e-01 2.46137381e-02 1.00300699e-01
    2.18913555e-02 3.53275299e-01 2.56307960e-01 2.36039162e-02
    8.62102509e-02 1.31402707e+00 4.16921735e-01 1.29018784e+00
    4.73011136e-02 1.88124418e-01 1.34301126e-01 1.91297829e-01
    5.47639072e-01 3.93773019e-02 1.53034717e-01 1.52303994e-01
    1.95260406e-01 5.57694376e-01 4.34398055e-02 1.35400325e-01
    1.36736274e-01 1.60727441e-01 5.01950502e-01 3.96416783e-02
    9.92006361e-02 2.00509787e-01 1.86993122e-01 7.00372398e-01
    6.05095029e-02 1.82888091e-01 1.24605989e+00 3.19600761e-01
    1.59350991e+00 3.19187641e-02 8.26273263e-02 1.04885888e+00
    4.31968391e-01 4.43107128e-01 6.90888762e-02 2.59232193e-01
    6.86602592e-02 3.38788688e-01 2.34272003e-01 1.93353295e-02
    8.23201835e-02 6.01330042e-01 1.28281569e+00 1.06119359e+00
    5.79361618e-02 1.44108146e-01 1.25279093e+00 1.26324964e+00
    1.04143965e+00 6.56084120e-02 2.41335511e-01 1.37195647e-01
    1.34629011e-01 5.37566483e-01 3.89639437e-02 1.16405010e-01
    2.98771739e-01 2.38099515e-01 8.36118698e-01 1.27381474e-01
    2.32800692e-01 2.72102058e-01 1.93453670e-01 8.76854420e-01
    6.36380911e-02 1.79900691e-01 1.89652443e-01 3.17317128e-01
    1.00049114e+00 4.26520109e-02 1.39715016e-01</data></trainingsets>
</opencv_storage>
