<?xml version="1.0"?>
<opencv_storage>
<covmat type_id="opencv-matrix">
  <rows>5</rows>
  <cols>5</cols>
  <dt>d</dt>
  <data>
    4.9516404583851779e-02 7.4193776887389887e-02 1.1245252917697897e-01
    4.8578612690240034e-03 2.7860726036570832e-02 7.4193776887389887e-02
    1.5728138579549886e-01 1.1201148245546695e-01 1.6156689145812572e-02
    6.8125153503804339e-02 1.1245252917697897e-01 1.1201148245546695e-01
    6.8749431658062510e-01 1.0831490708330158e-02 2.7023671828262746e-02
    4.8578612690240034e-03 1.6156689145812572e-02 1.0831490708330158e-02
    5.3105818353399274e-03 1.1557694236693984e-02 2.7860726036570832e-02
    6.8125153503804339e-02 2.7023671828262746e-02 1.1557694236693984e-02
    4.2612081016400280e-02</data></covmat>
<mean type_id="opencv-matrix">
  <rows>1</rows>
  <cols>5</cols>
  <dt>d</dt>
  <data>
    4.7448792765217442e-02 8.0903918512405887e-02 1.2327008838615110e-01
    1.2037020537161058e-02 4.0786064440204252e-02</data></mean>
<trainingsets type_id="opencv-matrix">
  <rows>31</rows>
  <cols>5</cols>
  <dt>f</dt>
  <data>
    7.29058981e-02 9.41855907e-02 3.97559404e-02 1.22152567e-02
    1.46357715e-02 5.34648895e-02 1.10957623e-01 5.53593636e-02
    6.41876459e-03 4.35341895e-02 1.11551285e-02 1.30047798e-02
    1.47490501e-02 4.18859720e-03 2.66683698e-02 4.31224108e-02
    5.86379766e-02 4.44153547e-02 1.71486735e-02 7.40226805e-02
    4.84893322e-02 6.24080896e-02 7.11976290e-02 1.34067535e-02
    6.43938780e-02 2.04463005e-02 5.51128387e-02 3.67627144e-02
    1.76717639e-02 3.96143496e-02 4.10065651e-02 1.48645282e-01
    1.19184732e-01 3.88105512e-02 1.14162385e-01 6.26702309e-02
    1.29229069e-01 9.81450081e-02 3.09989452e-02 9.48740244e-02
    2.18163729e-02 4.05830145e-02 2.76939869e-02 2.38788128e-03
    6.13236427e-03 1.97116137e-02 5.85523844e-02 6.74165487e-02
    1.26504898e-03 1.54903531e-02 2.84247398e-02 6.21725321e-02
    2.79443264e-02 1.16783977e-02 1.91019773e-02 1.56129599e-02
    4.67853546e-02 2.62399912e-02 5.90664148e-03 4.40832973e-02
    1.05399609e-01 2.38129020e-01 2.10743546e-01 2.69171596e-02
    1.01056546e-01 1.13508344e-01 2.50169039e-01 1.31361604e-01
    1.92452669e-02 1.22655630e-01 4.84213829e-02 1.08109951e-01
    6.54666424e-02 3.08328867e-03 2.78691053e-02 7.32910633e-03
    1.61386728e-02 2.31261253e-02 4.37706709e-03 1.19221807e-02
    6.54572248e-02 1.74049616e-01 5.07675409e-02 5.43413162e-02
    1.14974022e-01 1.01738214e-01 2.16544271e-01 9.04941559e-02
    1.79649591e-02 7.79038966e-02 4.24141884e-02 5.18032312e-02
    4.81657803e-01 3.85848880e-02 3.50508094e-02 2.70289183e-02
    2.93904543e-02 2.39688993e-01 3.78239155e-03 1.04594231e-02
    1.40763521e-02 2.19057798e-02 1.04013264e-01 3.97485495e-03
    6.21449947e-03 2.51841545e-02 5.75006008e-03 1.98356956e-01
    5.75870275e-03 2.04891562e-02 6.49206638e-02 1.03344798e-01
    4.54705089e-01 9.02122259e-03 1.29476786e-02 6.24613762e-02
    5.17990589e-02 9.03644115e-02 3.81654501e-03 2.06311941e-02
    5.99566698e-02 4.31509018e-02 8.29851404e-02 6.82413578e-04
    1.83541775e-02 1.72454119e-02 1.51010752e-02 6.64301291e-02
    1.25962496e-03 8.53300095e-03 2.20462084e-02 1.81269646e-02
    4.47862074e-02 1.10036135e-03 8.50665569e-03 2.00241923e-01
    2.18953371e-01 6.75394118e-01 9.20671225e-03 8.30655098e-02
    4.24131155e-02 4.64745760e-02 7.02969432e-02 4.53206897e-03
    1.47065520e-02 4.83834743e-03 9.03773308e-03 8.93350244e-02
    1.12110376e-03 3.19892168e-03 7.40492344e-03 9.76836681e-03
    2.25344002e-02 2.28041410e-03 9.11539793e-03</data></trainingsets>
</opencv_storage>
