<?xml version="1.0"?>
<opencv_storage>
<evaluations type_id="opencv-matrix">
  <rows>7</rows>
  <cols>31</cols>
  <dt>f</dt>
  <data>
    8.71185005e-01 8.15365195e-01 8.27076316e-01 8.74121845e-01
    8.61031413e-01 8.55886698e-01 8.49805474e-01 8.61862242e-01
    8.95203590e-01 9.50985312e-01 9.31725860e-01 8.89155090e-01
    9.38674748e-01 1.03413618e+00 1.02927566e+00 1.22922456e+00
    1.25011182e+00 1.19036269e+00 1.15640152e+00 1.15548074e+00
    1.04307795e+00 3.96254957e-01 6.31267130e-01 8.87741268e-01
    4.99862134e-01 5.15525401e-01 7.93012738e-01 3.95526737e-01
    5.13047040e-01 5.52092195e-01 8.59115362e-01 1.55217099e+00
    1.35943079e+00 1.60819912e+00 1.60841298e+00 1.61331677e+00
    1.62182677e+00 1.61380482e+00 1.63538051e+00 1.31541860e+00
    1.64568055e+00 1.64409280e+00 1.59885108e+00 1.53584146e+00
    1.52682900e+00 1.52965796e+00 1.76170564e+00 1.82216215e+00
    1.76094210e+00 1.69611847e+00 1.66612017e+00 1.49504173e+00
    1.11147869e+00 1.20027900e+00 1.44775009e+00 1.15668333e+00
    1.10162354e+00 1.52187991e+00 1.25672901e+00 1.22731364e+00
    1.32257843e+00 1.19490981e+00 4.17675543e+00 3.92559648e+00
    4.26772928e+00 4.23717451e+00 4.25673103e+00 4.27060413e+00
    4.26650000e+00 4.28434134e+00 3.87161469e+00 4.23939371e+00
    4.23230839e+00 4.21167040e+00 4.08571482e+00 4.03111982e+00
    4.04356480e+00 4.19104862e+00 4.26612949e+00 4.22799635e+00
    4.15711260e+00 4.10774708e+00 3.98707128e+00 3.88848758e+00
    3.88291883e+00 4.00254154e+00 3.88370538e+00 3.83757496e+00
    4.17454863e+00 4.03884077e+00 3.98089528e+00 4.06022692e+00
    3.74104571e+00 1.34890869e-01 1.90226212e-01 2.14308053e-01
    1.66922078e-01 1.82547227e-01 2.01296568e-01 1.98606372e-01
    2.19480693e-01 2.88255185e-01 1.95229337e-01 2.08970055e-01
    1.41887933e-01 1.24144845e-01 2.50395387e-01 2.31240585e-01
    3.94452959e-01 4.18346375e-01 3.56597185e-01 3.26973230e-01
    3.37687463e-01 2.68916011e-01 4.73482609e-01 2.91487575e-01
    1.77636549e-01 4.09771055e-01 4.03330684e-01 1.27961487e-01
    4.54681635e-01 3.76777232e-01 2.97022104e-01 4.53342795e-01
    1.98197162e+00 1.90563035e+00 1.92568171e+00 1.97285521e+00
    1.96179461e+00 1.95544934e+00 1.94724226e+00 1.95593035e+00
    1.97344565e+00 2.05612612e+00 2.02861524e+00 1.99038529e+00
    2.03613114e+00 2.13669801e+00 2.13121939e+00 2.33063126e+00
    2.35340595e+00 2.29467797e+00 2.25420618e+00 2.24683285e+00
    2.13769698e+00 1.48259223e+00 1.71081996e+00 1.96852410e+00
    1.56695855e+00 1.59516931e+00 1.89812267e+00 1.49538910e+00
    1.61676502e+00 1.66144609e+00 1.90112913e+00 5.54069567e+00
    5.30170727e+00 5.61383104e+00 5.55941725e+00 5.59148121e+00
    5.61070204e+00 5.59742498e+00 5.61340046e+00 5.20698071e+00
    5.57444572e+00 5.56213617e+00 5.54091358e+00 5.40044832e+00
    5.38326597e+00 5.37249708e+00 5.47969818e+00 5.55525541e+00
    5.52363253e+00 5.43798256e+00 5.38100910e+00 5.30679846e+00
    5.26087523e+00 5.22197199e+00 5.29844570e+00 5.22325611e+00
    5.22377300e+00 5.52335739e+00 5.40760183e+00 5.39308691e+00
    5.43844843e+00 5.15554857e+00 3. 3. 3. 3. 3. 3. 3. 3. 3. 3. 3. 3. 3.
    3. 3. 3. 3. 3. 3. 3. 3. 0. 3. 3. 3. 3. 3. 0. 3. 3. 3.</data></evaluations>
</opencv_storage>
