<?xml version="1.0"?>
<opencv_storage>
<covmat type_id="opencv-matrix">
  <rows>5</rows>
  <cols>5</cols>
  <dt>d</dt>
  <data>
    7.8823958890906520e-01 9.3885597923325714e-01 1.5618673994350807e+00
    6.0487151766112357e-02 9.2241318654507326e-02 9.3885597923325714e-01
    6.7583221711280403e+00 5.3251979343269857e+00
    -8.4749418106146779e-02 1.2232153596566542e-01
    1.5618673994350807e+00 5.3251979343269857e+00 1.4945235006088906e+01
    1.4101224555632605e-01 6.8320300342187079e-01 6.0487151766112357e-02
    -8.4749418106146779e-02 1.4101224555632605e-01
    2.8763876210146849e-02 3.6772120876448593e-02 9.2241318654507326e-02
    1.2232153596566542e-01 6.8320300342187079e-01 3.6772120876448593e-02
    1.7597857289384497e-01</data></covmat>
<mean type_id="opencv-matrix">
  <rows>1</rows>
  <cols>5</cols>
  <dt>d</dt>
  <data>
    1.9641148082671625e-01 9.1897412653892263e-01 1.2105904471489690e+00
    3.6065231407842326e-02 1.5302146250201809e-01</data></mean>
</opencv_storage>
