<?xml version="1.0"?>
<opencv_storage>
<evaluations type_id="opencv-matrix">
  <rows>5</rows>
  <cols>31</cols>
  <dt>f</dt>
  <data>
    4.78790569e+00 4.21008158e+00 3.61150241e+00 5.34273338e+00
    4.65376711e+00 3.58326411e+00 2.35227275e+00 3.77334905e+00
    4.30347204e+00 3.61506033e+00 4.13580084e+00 4.75521421e+00
    2.45663333e+00 5.55622482e+00 5.66502142e+00 3.93796229e+00
    4.78076506e+00 3.35409427e+00 4.09144545e+00 4.52085781e+00
    4.91211224e+00 4.05215216e+00 3.96732235e+00 5.22423124e+00
    4.08558655e+00 4.56380463e+00 4.27440310e+00 4.29467535e+00
    5.44756460e+00 4.57003832e+00 4.90320635e+00 3.74465775e+00
    3.11863065e+00 2.50843716e+00 4.30380392e+00 3.58663106e+00
    2.53093982e+00 1.73416078e+00 2.86817360e+00 3.27255464e+00
    2.62966633e+00 3.09854555e+00 3.79906821e+00 1.42726302e+00
    4.51230431e+00 4.62357283e+00 2.96583533e+00 3.88364220e+00
    2.35574245e+00 3.12149453e+00 3.50626373e+00 3.93587422e+00
    2.96340394e+00 2.86965656e+00 4.16569090e+00 3.11330509e+00
    3.50109720e+00 3.20556164e+00 3.24881077e+00 4.46170998e+00
    3.51001573e+00 3.87450624e+00 6.71964228e-01 5.84508002e-01
    1.05040479e+00 1.14188278e+00 6.97993457e-01 7.02762485e-01
    3.00404143e+00 1.58984280e+00 1.13545704e+00 1.78482568e+00
    2.74522156e-01 9.76402879e-01 2.44467640e+00 1.44464874e+00
    1.50232363e+00 1.33884323e+00 1.33517230e+00 9.58716810e-01
    6.21771812e-01 5.16475856e-01 1.03793454e+00 5.28102994e-01
    7.04044282e-01 1.03722942e+00 5.65275073e-01 3.89244080e-01
    2.90861130e-01 5.14946818e-01 1.49743652e+00 8.49295497e-01
    7.61493087e-01 2.24422479e+00 1.68027890e+00 1.13807189e+00
    2.68642139e+00 1.93956804e+00 1.00143099e+00 1.58962131e+00
    1.96875012e+00 2.13779497e+00 1.99420691e+00 1.51193368e+00
    2.29753733e+00 1.42724764e+00 3.00366330e+00 3.01479697e+00
    1.91900647e+00 2.38463926e+00 1.15411186e+00 1.61067474e+00
    2.02044559e+00 2.30552125e+00 1.43061161e+00 1.45148396e+00
    2.59611320e+00 1.67278361e+00 1.98410630e+00 1.65753329e+00
    1.82196188e+00 2.79606867e+00 2.05339479e+00 2.29280996e+00 2. 2. 2.
    2. 2. 2. 3. 2. 2. 2. 2. 2. 3. 2. 2. 2. 2. 2. 2. 2. 2. 2. 2. 2. 2. 2.
    2. 2. 2. 2. 2.</data></evaluations>
</opencv_storage>
