<?xml version="1.0"?>
<opencv_storage>
<covmat type_id="opencv-matrix">
  <rows>5</rows>
  <cols>5</cols>
  <dt>d</dt>
  <data>
    4.4365404199413344e-02 3.3225752719044056e-03 8.9972480649775158e-02
    1.9595264159971742e-02 1.0448751050022967e-01 3.3225752719044056e-03
    3.6135978151657184e-04 7.4298699721366459e-03 1.2444110789956114e-03
    7.9601689232209998e-03 8.9972480649775158e-02 7.4298699721366459e-03
    7.0241327890518701e-01 5.8560626160348864e-02 4.4187378252970905e-01
    1.9595264159971742e-02 1.2444110789956114e-03 5.8560626160348864e-02
    1.2079067361681831e-02 8.0895288525545811e-02 1.0448751050022967e-01
    7.9601689232209998e-03 4.4187378252970905e-01 8.0895288525545811e-02
    8.3560325804659974e-01</data></covmat>
<mean type_id="opencv-matrix">
  <rows>1</rows>
  <cols>5</cols>
  <dt>d</dt>
  <data>
    4.9192983536951000e-02 2.3090197299156455e-03
    -1.0367373439573473e+00 2.6766550156377977e-02
    1.7379242374051002e-01</data></mean>
<trainingsets type_id="opencv-matrix">
  <rows>31</rows>
  <cols>5</cols>
  <dt>f</dt>
  <data>
    1.53746426e-01 1.68142356e-02 -8.86707425e-01 5.68930209e-02
    3.21781397e-01 1.53771400e-01 5.90176275e-03 -9.62698340e-01
    7.86862075e-02 2.30720520e-01 8.94327164e-02 2.47895764e-03
    -9.39392328e-01 5.10793328e-02 2.25142002e-01 7.86146820e-02
    3.23151937e-03 -9.66745913e-01 4.21790481e-02 2.34097481e-01
    6.51023090e-02 3.16175539e-03 -9.56579506e-01 3.10864449e-02
    2.65232086e-01 9.55020785e-02 8.92484747e-03 -8.89854610e-01
    3.72895896e-02 3.52338076e-01 7.72180855e-02 7.68079702e-03
    -9.45710301e-01 3.24868858e-02 2.96265364e-01 1.07696660e-01
    3.98417423e-03 -7.69062996e-01 6.48207963e-02 4.42733049e-01
    7.03192130e-02 3.13955848e-03 -7.22056806e-01 3.26152146e-02
    1.86466217e-01 2.04354823e-02 6.85489038e-04 -7.68979788e-01
    2.45429873e-02 1.74456358e-01 2.99469531e-02 1.01943919e-03
    -7.77899981e-01 2.07054913e-02 1.38074875e-01 5.69512323e-02
    2.57404149e-03 -8.24877203e-01 7.68467486e-02 8.72881889e-01
    2.73393691e-02 8.96948623e-04 -1.14652240e+00 9.45141912e-03
    1.15716934e-01 3.41941416e-02 1.10596418e-03 -1.21500719e+00
    2.05695331e-02 2.01591492e-01 4.03797328e-02 4.92331572e-04
    -1.19875038e+00 1.90634131e-02 1.61042929e-01 2.53717005e-02
    7.50914216e-04 -1.21867585e+00 1.20819807e-02 9.86061096e-02
    4.87805977e-02 7.51423649e-04 -1.17989671e+00 2.04167366e-02
    1.07511759e-01 3.40568721e-02 4.38752584e-04 -1.19312155e+00
    1.90323591e-02 9.96813774e-02 3.41410339e-02 6.20323699e-04
    -1.20039582e+00 2.18372345e-02 1.16052151e-01 5.51661029e-02
    9.58529301e-04 -1.18889463e+00 1.57800317e-02 1.58655405e-01
    3.69782150e-02 1.74904754e-03 -1.08943999e+00 2.23911107e-02
    7.29515553e-02 2.18634009e-02 5.35830855e-04 -1.08630919e+00
    1.32405162e-02 4.05859947e-02 1.12394989e-02 3.58390622e-04
    -1.07266641e+00 8.64851475e-03 4.59015369e-02 2.42805183e-02
    4.89240978e-04 -1.07315993e+00 1.59429908e-02 4.83560562e-02
    1.83639824e-02 3.68341804e-04 -1.07073438e+00 1.60031915e-02
    6.47363663e-02 3.54293287e-02 8.05270392e-04 -1.07630968e+00
    2.03728378e-02 9.39819813e-02 2.53872573e-02 4.66829631e-04
    -1.11123872e+00 2.24643052e-02 5.76770306e-02 8.36852193e-03
    2.52470374e-04 -1.11989403e+00 3.38599086e-03 3.17666531e-02
    1.22731924e-02 1.97240617e-04 -1.13708639e+00 4.58985567e-03
    2.28703022e-02 1.83587670e-02 3.89781781e-04 -1.17016828e+00
    6.91619515e-03 5.99699020e-02 1.42730176e-02 3.55401542e-04
    -1.18002093e+00 8.34307075e-03 4.97202873e-02</data></trainingsets>
</opencv_storage>
